20062200 0.0 0.0 0.0 
20062210 -2.2 -1.9 10.9 
20062220 -1.6 -1.3 17.3 
20062230 -0.5 0.4 12.3 
20062240 72.4 3.2 -15.3 
20062250 -3.6 1.7 17.4 
20062260 0.0 1.3 10.0 
20062270 0.4 2.8 15.7 
20062280 0.4 2.5 13.0 
20062290 1.7 1.8 14.1 
20062300 -1.8 -0.3 15.2 
20062310 -4.8 -3.8 10.8 
20062320 0.0 1.3 14.8 
20062330 0.4 0.1 13.0 
20062340 -0.1 1.7 15.5 
20062350 -2.6 -0.6 13.7 
20062360 0.0 1.1 15.2 
20062370 2.5 1.1 25.8 
20062380 3.4 3.3 21.2 
20062390 2.6 1.8 23.8 
20062400 3.3 2.4 19.3 
20062410 0.6 5.2 13.5 
20062420 -0.0 2.5 10.3 
20062430 0.8 4.0 9.0 
20062440 -0.7 1.1 17.9 
20062450 0.9 2.4 13.5 
20062460 -0.2 1.4 15.2 
20062470 2.0 2.7 15.9 
20062480 -1.3 1.2 14.5 
20062490 -0.3 -0.6 15.3 
20062500 1.6 -1.9 14.6 
20062510 0.1 0.6 18.3 
20062520 0.1 3.2 9.8 
20062530 0.8 1.0 16.0 
20062540 0.9 0.7 15.8 
20062550 1.2 1.3 14.7 
20062560 1.3 1.0 17.0 
20062570 0.4 0.7 10.8 
20062580 3.9 2.3 22.9 
20062590 4.4 2.8 24.1 
20062600 5.6 1.7 28.4 
20062610 4.7 5.0 20.9 
20062620 0.7 5.5 12.7 
20062630 1.0 2.2 15.3 
20062640 1.3 0.6 15.4 
20062650 2.0 0.6 14.4 
20062660 2.0 0.9 16.1 
20062670 3.1 1.3 16.2 
20062680 1.4 3.4 11.2 
20062690 0.7 0.5 16.1 
20062700 -1.1 0.3 9.0 
20062710 -1.6 0.9 12.1 
20062720 2.7 3.0 16.2 
20062730 1.2 2.1 18.8 
20062740 1.6 2.1 19.2 
20062750 2.4 4.6 18.5 
20062760 2.1 1.8 23.4 
20062770 0.9 3.4 13.8 
20062780 1.8 3.4 11.9 
20062790 0.8 2.4 16.7 
20062800 1.8 3.4 8.1 
20062810 0.4 2.9 14.0 
20062820 2.2 3.4 14.3 
20062830 3.5 3.8 6.1 
20062840 3.4 4.0 7.7 
20062850 1.9 4.5 13.7 
20062860 2.3 5.8 13.4 
20062870 2.3 4.8 12.3 
20062880 2.6 3.9 11.2 
20062890 3.3 5.1 13.4 
20062900 3.2 5.5 13.2 
20062910 3.0 4.7 11.7 
20062920 2.6 4.3 10.8 
20062930 2.6 3.3 14.7 
20062940 2.5 3.1 12.3 
20062950 3.3 4.7 10.7 
20062960 2.3 4.2 12.7 
20062970 2.6 3.9 11.3 
20062980 2.2 4.5 13.8 
20062990 2.9 4.2 12.5 
20063000 2.2 4.7 8.9 
20063010 2.6 3.6 15.6 
20063020 2.7 4.2 12.4 
20063030 3.7 5.7 16.5 
20063040 1.6 2.5 15.2 
20063050 3.6 6.0 15.3 
20063060 2.8 5.8 16.2 
20063070 4.5 5.6 16.8 
20063080 2.1 7.3 13.5 
20063090 3.2 7.1 11.8 
20063100 2.9 4.7 9.8 
20063110 3.0 5.0 15.5 
20063120 4.7 4.1 13.8 
20063130 3.3 5.1 13.0 
20063140 3.2 5.8 15.4 
20063150 4.5 7.6 14.3 
20063160 4.5 7.3 13.0 
20063170 5.2 7.7 11.3 
20063180 4.0 5.6 13.5 
20063190 3.8 5.2 11.5 
20063200 4.2 2.3 9.4 
20063210 4.9 5.8 12.4 
20063220 2.4 3.5 17.3 
20063230 3.3 3.9 15.8 
20063240 4.1 8.5 11.7 
20063250 4.6 6.1 15.0 
20063260 3.7 6.1 12.9 
20063270 4.5 5.6 9.0 
20063280 6.5 6.3 8.3 
20063290 5.6 5.8 11.6 
20063300 7.0 4.5 13.8 
20063310 6.5 4.4 15.8 
20063320 5.5 4.5 18.7 
20063330 1.7 7.3 14.5 
20063340 5.3 6.0 13.9 
20063350 4.5 5.7 11.1 
20063360 5.1 7.4 12.0 
20063370 5.8 6.4 10.8 
20063380 5.0 8.1 13.4 
20063390 5.5 6.8 11.8 
20063400 3.8 5.0 16.2 
20063410 5.3 7.9 13.6 
20063420 4.7 6.5 12.9 
20063430 4.2 6.0 15.1 
20063440 4.6 6.6 16.7 
20063450 4.9 7.5 13.8 
20063460 5.1 6.4 13.1 
20063470 5.0 6.8 11.4 
20063480 4.9 6.7 12.4 
20063490 3.6 4.5 15.6 
20063500 5.2 6.3 12.8 
20063510 5.7 6.9 17.3 
20063520 5.3 8.7 15.8 
20063530 5.6 9.7 12.4 
20063540 4.7 7.6 17.6 
20063550 7.7 9.5 9.1 
20063560 6.6 7.4 8.9 
20063570 7.6 5.5 6.8 
20063580 5.3 6.9 12.3 
20063590 6.7 7.1 8.0 
20063600 9.1 4.7 16.7 
20063610 6.0 6.5 13.3 
20063620 6.1 6.9 16.1 
20063630 5.7 6.5 14.0 
20063640 6.4 7.9 11.8 
20063650 7.5 8.3 15.4 
20070010 8.1 8.5 16.0 
20070020 5.9 7.9 12.7 
20070030 5.5 8.8 16.2 
20070040 6.3 7.6 12.7 
20070050 5.9 7.4 14.5 
20070060 6.5 6.8 11.0 
20070070 5.9 7.3 13.6 
20070080 6.5 6.8 14.1 
20070090 5.8 8.1 11.2 
20070100 5.6 6.6 16.1 
20070110 5.9 7.1 11.7 
20070120 5.9 8.3 8.0 
20070130 6.7 8.7 15.2 
20070140 4.9 7.9 16.0 
20070150 6.2 5.4 20.0 
20070160 6.4 6.4 16.9 
20070170 7.4 6.9 12.4 
20070180 9.4 8.4 21.2 
20070190 9.3 7.6 14.0 
20070200 6.5 8.9 15.1 
20070210 9.7 8.8 15.3 
20070220 5.1 6.8 16.7 
20070230 7.0 10.5 18.0 
20070240 3.6 13.5 15.3 
20070250 6.1 10.7 16.2 
20070260 6.9 9.0 12.0 
20070270 6.8 10.6 13.2 
20070280 6.0 11.0 14.5 
20070290 7.2 9.2 12.0 
20070300 8.3 8.3 16.8 
20070310 8.6 8.8 13.8 
20070320 7.6 9.3 15.3 
20070330 7.8 9.2 15.9 
20070340 7.4 9.0 14.7 
20070350 7.3 8.8 15.9 
20070360 7.9 8.5 14.2 
20070370 6.9 8.8 14.5 
20070380 8.4 8.9 14.1 
20070390 8.5 9.2 16.2 
20070400 7.1 10.3 16.0 
20070410 8.1 8.2 15.0 
20070420 8.5 8.6 14.9 
20070430 8.2 8.4 13.5 
20070440 7.9 9.1 13.2 
20070450 8.2 9.3 13.9 
20070460 8.8 10.4 12.5 
20070470 9.1 9.9 11.9 
20070480 10.9 12.6 13.5 
20070490 9.7 10.3 13.4 
20070500 8.6 10.5 11.8 
20070510 7.7 9.0 13.0 
20070520 8.5 8.3 13.7 
20070530 8.6 10.0 13.2 
20070540 9.2 10.1 13.6 
20070550 9.3 11.4 11.8 
20070560 10.0 10.8 11.4 
20070570 9.3 10.4 13.2 
20070580 10.1 11.3 15.2 
20070590 10.8 11.3 11.8 
20070610 9.2 11.7 16.7 
20070620 10.0 11.3 12.1 
20070630 8.5 9.6 15.0 
20070640 9.1 11.0 10.7 
20070650 9.6 10.4 12.3 
20070660 9.2 10.1 10.7 
20070670 8.9 10.1 13.2 
20070680 7.6 8.0 15.6 
20070690 8.8 11.0 13.0 
20070700 8.9 10.6 11.0 
20070710 10.9 10.3 13.5 
20070720 9.5 9.0 12.2 
20070730 10.8 12.0 12.5 
20070750 9.4 9.0 16.7 
20070760 9.8 11.3 12.8 
20070770 11.6 11.4 15.8 
20070780 9.8 11.5 12.0 
20070800 10.5 9.3 12.6 
20070810 11.3 12.1 14.0 
20070820 11.9 11.3 13.1 
20070830 12.6 10.6 14.0 
20070840 12.1 11.7 15.6 
20070850 12.8 10.4 16.1 
20070870 12.0 11.5 16.8 
20070880 11.7 11.5 13.7 
20070890 11.9 12.0 15.0 
20070900 12.7 11.9 14.2 
20070910 11.9 10.6 15.0 
20070960 10.5 11.5 14.0 
20070970 12.2 12.2 10.6 
20070980 11.4 12.1 12.7 
20070990 11.2 11.9 16.6 
20071000 11.5 10.4 16.2 
20071010 10.9 12.5 8.1 
20071020 13.4 9.4 20.9 
20071030 13.4 9.2 16.4 
20071040 14.3 11.1 14.8 
20071050 13.7 10.0 15.9 
20071060 13.7 9.4 18.2 
20071070 11.6 9.9 15.1 
20071080 12.0 11.5 14.7 
20071090 11.3 11.3 16.1 
20071100 11.3 11.3 15.0 
20071110 12.9 11.3 5.6 
20071120 14.0 10.7 15.6 
20071130 10.5 9.9 19.5 
20071140 10.8 11.8 13.8 
20071150 15.4 9.7 12.7 
20071160 14.5 11.7 13.4 
20071170 14.0 12.4 14.4 
20071180 12.1 11.0 5.7 
20071190 12.3 13.5 12.7 
20071200 15.1 10.8 13.8 
20071210 14.9 12.4 13.2 
20071230 15.0 10.1 15.8 
20071240 13.4 12.8 11.7 
20071250 14.2 11.9 14.0 
20071260 13.4 12.6 12.0 
20071270 15.3 14.0 12.1 
20071280 15.3 12.8 15.6 
20071290 13.5 14.1 11.1 
20071300 15.1 14.8 16.3 
20071310 12.8 14.9 14.4 
20071320 13.1 12.3 11.5 
20071330 13.7 12.4 16.6 
20071340 14.4 10.9 10.0 
20071350 14.6 11.0 16.0 
20071360 14.1 12.8 11.0 
20071370 13.7 13.9 12.7 
20071380 13.1 12.1 16.3 
20071390 13.8 13.0 11.8 
20071400 15.0 13.2 12.6 
20071410 13.1 10.0 13.9 
20071420 14.0 10.1 21.0 
20071430 16.1 10.3 12.4 
20071450 13.2 10.3 10.6 
20071460 15.8 10.5 11.0 
20071470 13.9 8.3 14.4 
20071480 15.1 11.2 14.3 
20071490 15.3 9.9 11.4 
20071500 15.8 12.7 9.7 
20071510 17.3 12.4 10.8 
20071520 16.7 10.6 12.8 
20071530 15.9 12.8 10.5 
20071540 15.7 12.9 15.0 
20071550 17.5 14.8 4.0 
20071560 16.8 13.2 12.7 
20071570 16.3 10.7 10.1 
20071580 16.2 11.9 11.0 
20071590 17.0 12.9 16.1 
20071600 15.7 11.9 10.9 
20071610 16.4 10.9 26.3 
20071620 13.9 10.4 1.6 
20071630 16.1 12.7 13.2 
20071640 16.7 13.2 19.3 
20071650 16.2 12.0 4.6 
20071660 17.3 9.6 24.6 
20071670 17.0 10.5 16.2 
20071680 17.2 11.6 11.1 
20071690 17.6 12.5 14.1 
20071700 15.9 10.2 12.3 
20071710 19.2 9.3 18.9 
20071720 17.9 11.1 9.3 
20071730 17.6 11.3 13.5 
20071740 18.1 12.1 12.4 
20071750 17.8 13.4 14.5 
20071760 16.0 11.1 12.8 
20071770 18.6 12.6 12.2 
20071780 17.9 13.9 9.4 
20071790 18.7 13.6 8.2 
20071800 17.0 11.3 12.7 
20071810 17.7 12.8 15.9 
20071820 17.1 12.3 15.6 
20071830 17.5 12.7 11.8 
20071840 18.5 12.3 11.8 
20071850 18.0 13.2 14.1 
20071860 17.1 13.9 9.7 
20071870 18.4 15.4 6.6 
20071880 16.6 13.4 11.7 
20071890 17.8 13.3 17.5 
20071900 18.8 13.7 15.0 
20071910 18.5 13.5 13.9 
20071920 18.5 13.6 14.5 
20071930 18.2 14.2 15.6 
20071940 18.4 13.3 16.4 
20071950 16.2 9.0 21.7 
20071960 16.5 11.3 20.4 
20071970 16.8 11.5 9.4 
20071980 17.5 8.9 16.5 
20071990 19.0 10.3 15.2 
20072000 21.0 8.3 12.8 
20072010 18.1 10.6 0.9 
20072020 19.6 11.1 12.8 
20072030 18.1 10.0 15.4 
20072040 18.1 11.0 15.5 
20072050 18.6 13.9 14.2 
20072060 17.5 13.6 17.4 
20072070 18.5 10.5 19.6 
20072080 18.7 11.6 20.1 
20072090 19.1 13.8 16.1 
20072100 19.7 12.4 17.2 
20072110 19.4 13.3 15.6 
20072120 17.2 12.3 17.4 
20072130 20.5 14.0 10.7 
20072140 19.6 11.9 15.1 
20072150 17.5 12.9 17.7 
20072160 19.3 14.4 9.6 
20072170 21.5 12.7 11.9 
20072180 22.4 12.1 19.6 
20072190 19.5 11.0 11.2 
20072200 19.6 12.5 10.6 
20072210 20.2 12.4 15.5 
20072220 19.4 12.9 21.1 
20072230 19.1 14.8 12.9 
20072240 18.6 13.3 14.7 
20072250 18.4 10.9 19.9 
20072260 20.4 12.8 8.1 
20072270 22.0 13.4 10.5 
20072280 19.5 11.5 12.7 
20072290 19.1 12.9 17.8 
20072300 22.0 13.1 11.4 
20072310 21.5 13.6 16.4 
20072320 20.0 14.1 11.6 
20072330 21.5 15.0 11.2 
20072340 19.8 11.4 8.8 
20072350 21.5 12.4 13.5 
20072360 20.4 15.5 12.7 
20072370 17.9 11.9 12.3 
20072380 20.1 14.2 21.7 
20072390 21.0 14.5 12.1 
20072400 23.4 14.7 9.8 
20072410 24.1 15.6 21.2 
20072420 21.9 15.7 15.9 
20072430 21.4 15.9 24.2 
20072440 21.9 16.5 20.5 
20072450 21.7 15.2 16.3 
20072460 21.3 16.3 14.9 
20072470 21.1 16.0 14.7 
20072480 20.2 16.5 11.8 
20072490 21.7 15.8 14.9 
20072500 20.7 16.9 21.1 
20072510 22.3 16.9 18.4 
20072520 20.2 16.6 21.8 
20072530 21.8 17.3 19.1 
20072540 20.5 17.1 10.5 
20072550 21.0 16.2 15.0 
20072560 21.3 16.4 11.7 
20072570 22.0 15.6 15.0 
20072580 19.7 14.6 20.5 
20072590 21.1 14.1 14.2 
20072600 20.5 14.4 12.2 
20072610 20.9 15.0 12.8 
20072620 20.3 14.7 16.9 
20072630 21.0 15.2 11.1 
20072640 22.1 15.9 10.0 
20072650 22.1 14.5 10.5 
20072660 22.2 16.3 10.6 
20072670 24.3 16.0 11.9 
20072680 20.5 15.1 14.5 
20072690 23.6 16.9 14.2 
20072700 21.9 17.0 13.7 
20072710 22.9 17.0 12.0 
20072720 22.6 17.1 11.6 
20072730 20.8 16.0 11.3 
20072740 23.6 15.4 10.5 
20072750 20.6 14.0 15.0 
20072760 22.1 16.4 9.8 
20072770 19.9 13.9 16.9 
20072780 21.9 16.0 14.7 
20072790 25.4 16.6 11.5 
20072800 25.5 15.6 8.8 
20072810 20.5 16.6 19.4 
20072820 24.5 15.9 4.9 
20072830 25.5 16.5 11.0 
20072840 22.4 20.2 -5.7 
20073220 22.7 23.9 -0.0 
20073230 21.2 20.5 9.3 
20073240 25.1 20.5 11.8 
20073250 25.3 19.7 13.5 
20073260 25.0 20.5 13.6 
20073270 24.0 19.9 14.8 
20073280 24.4 20.3 9.6 
20073290 26.0 20.5 11.2 
20073300 25.0 21.2 13.5 
20073310 23.9 20.4 10.1 
20073320 23.9 20.0 13.7 
20073330 24.1 19.7 15.8 
20073340 25.2 20.9 12.4 
20073350 23.7 19.3 14.9 
20073360 25.4 20.5 11.6 
20073370 26.0 22.0 13.6 
20073380 24.2 21.2 14.9 
20073390 24.6 20.4 11.3 
20073400 24.9 20.5 9.9 
20073410 25.3 20.6 7.1 
20073420 24.0 19.5 14.2 
20073430 24.6 20.3 9.6 
20073440 23.2 20.1 13.2 
20073450 25.0 19.6 15.4 
20073460 25.4 20.6 13.3 
20073470 24.8 21.7 11.3 
20073480 24.6 21.5 10.6 
20073490 27.1 21.3 9.8 
20073500 27.0 20.3 9.9 
20073510 26.9 19.0 13.9 
20073520 28.1 20.4 13.0 
20073530 22.9 21.1 9.9 
20073540 25.0 20.0 7.8 
20073550 27.0 22.0 8.5 
20073560 26.5 21.7 7.8 
20073570 25.3 20.2 13.4 
20073580 25.4 21.0 6.2 
20073590 26.2 21.8 5.5 
20073600 26.4 20.8 8.6 
20073610 25.7 21.3 8.2 
20073620 26.3 21.4 7.9 
20073630 27.1 22.0 8.3 
20073640 26.6 21.1 14.4 
20073650 28.6 20.8 11.0 
20080010 27.6 23.3 12.7 
20080020 28.5 21.6 12.1 
20080030 27.5 22.4 10.9 
20080040 27.3 22.9 11.4 
20080050 27.6 22.9 11.0 
20080060 26.1 22.5 9.5 
20080070 26.1 23.0 11.9 
20080080 26.1 21.6 12.2 
20080090 27.4 22.0 11.3 
20080100 27.1 21.5 9.2 
20080110 27.6 22.2 7.0 
20080120 26.6 21.9 11.3 
20080130 27.3 21.9 10.4 
20080140 26.8 21.4 8.3 
20080150 27.3 22.4 8.7 
20080160 27.2 22.2 10.7 
20080170 27.6 21.7 9.3 
20080180 26.9 22.1 8.0 
20080190 25.4 23.7 6.4 
20080200 25.8 21.6 8.4 
20080210 26.6 21.1 11.2 
20080220 27.8 22.1 12.6 
20080230 26.7 21.1 13.0 
20080240 27.1 21.0 12.7 
20080250 27.5 21.6 10.7 
20080260 26.5 22.5 9.9 
20080270 29.4 22.1 6.4 
20080280 26.9 21.8 12.2 
20080290 27.5 22.5 11.1 
20080300 27.8 21.5 12.7 
20080310 27.9 22.0 14.4 
20080320 30.0 23.2 12.3 
20080330 28.5 22.7 11.7 
20080340 29.0 22.4 11.3 
20080350 28.6 22.6 13.1 
20080360 28.6 23.1 9.8 
20080370 30.2 22.8 12.4 
20080380 28.1 22.3 11.5 
20080390 28.2 24.5 0.9 
20080400 31.7 21.4 6.5 
20080410 32.2 22.2 5.8 
20080420 33.8 20.7 -7.5 
20080430 31.4 21.3 14.5 
20080440 27.1 21.2 12.2 
20080450 28.1 24.1 11.1 
20080460 28.1 25.1 9.5 
20080470 29.9 25.0 9.3 
20080480 28.7 23.8 14.6 
20080490 29.6 23.9 13.2 
20080500 28.1 23.2 8.7 
20080510 28.4 22.9 12.4 
20080520 29.5 23.0 11.8 
20080530 29.3 22.1 11.8 
20080540 27.9 23.3 11.4 
20080550 29.6 22.5 11.9 
20080560 28.6 22.6 15.7 
20080570 30.1 23.4 11.9 
20080580 28.1 22.5 10.4 
20080590 27.7 21.5 15.2 
20080600 29.7 23.9 14.1 
20080610 31.8 24.1 13.4 
20080620 30.6 24.7 11.6 
20080630 31.0 24.9 13.1 
20080640 29.2 24.6 16.4 
20080650 29.4 25.4 13.2 
20080660 28.2 22.3 13.6 
20080670 31.3 23.6 15.1 
20080680 28.6 23.2 16.8 
20080690 29.8 24.2 9.7 
20080700 30.5 24.4 10.1 
20080710 31.2 24.5 11.5 
20080720 32.5 25.9 12.0 
20080730 31.7 25.5 11.0 
20080740 31.4 25.8 10.4 
20080750 29.5 23.2 16.3 
20080760 31.3 25.2 13.9 
20080770 31.1 25.3 12.1 
20080780 31.1 25.3 12.6 
20080790 31.0 26.6 11.9 
20080800 32.4 26.7 11.2 
20080810 32.3 27.9 11.7 
20080820 31.8 25.3 11.9 
20080830 31.7 25.7 12.7 
20080840 32.3 25.2 12.0 
20080850 32.7 26.4 13.1 
20080860 32.0 27.7 12.1 
20080870 32.6 26.1 12.0 
20080880 32.8 26.2 10.3 
20080890 32.6 25.8 14.3 
20080900 33.4 26.0 10.5 
20080910 33.0 25.7 8.2 
20080920 32.2 24.6 12.2 
20080930 32.5 25.4 13.3 
20080940 33.0 25.6 11.9 
20080950 31.7 26.3 10.2 
20080960 33.1 24.9 11.7 
20080970 33.4 25.6 14.1 
20080980 33.2 25.2 11.9 
20080990 32.7 25.8 14.9 
20081000 33.5 26.1 14.0 
20081010 33.4 24.5 12.2 
20081020 32.5 23.9 11.5 
20081030 32.1 24.1 14.8 
20081040 33.0 24.3 14.3 
20081050 34.3 25.2 13.7 
20081060 33.3 24.9 14.9 
20081070 33.5 27.4 11.6 
20081080 35.4 24.3 9.3 
20081090 36.5 24.9 18.8 
20081100 34.8 25.6 14.6 
20081110 33.5 24.7 11.3 
20081120 35.8 25.9 17.3 
20081130 34.8 25.6 14.2 
20081150 33.0 24.6 7.7 
20081160 32.8 24.4 13.9 
20081170 33.8 29.4 6.2 
20081180 35.9 25.9 9.1 
20081190 34.5 25.2 12.5 
20081210 35.6 25.6 9.0 
20081220 33.2 24.4 14.6 
20081230 32.9 26.1 14.0 
20081240 34.7 28.4 10.9 
20081250 35.3 28.6 10.3 
20081260 35.8 27.9 4.7 
20081270 37.1 26.3 6.0 
20081280 37.6 25.0 13.2 
20081290 36.1 25.9 2.1 
20081300 35.4 25.8 10.2 
20081310 35.8 27.6 10.1 
20081320 36.1 26.1 6.5 
20081330 35.7 25.9 12.7 
20081340 36.3 25.7 9.5 
20081350 35.4 25.1 13.2 
20081360 34.5 23.3 10.2 
20081370 35.1 26.2 12.7 
20081380 34.7 27.2 12.5 
20081390 35.0 25.7 11.8 
20081400 36.1 28.0 9.4 
20081410 36.9 27.1 10.2 
20081420 36.8 29.0 5.4 
20081440 35.9 28.3 4.9 
20081450 37.4 26.7 2.3 
20081460 37.8 26.4 7.0 
20081470 36.7 27.7 10.9 
20081480 37.6 25.2 13.6 
20081490 36.2 25.0 13.3 
20081500 36.8 25.4 12.3 
20081510 37.9 24.9 12.4 
20081520 37.6 27.6 14.2 
20081530 36.4 24.3 10.2 
20081540 36.2 25.5 13.7 
20081550 35.8 25.5 26.3 
20081560 36.6 26.2 14.2 
20081570 39.1 26.5 8.2 
20081580 38.2 26.9 12.7 
20081590 40.6 26.8 9.7 
20081600 38.2 26.6 8.8 
20081610 40.8 24.4 9.5 
20081620 37.0 24.7 2.4 
20081630 35.3 26.7 9.6 
20081640 36.0 25.9 10.3 
20081650 38.5 27.0 10.4 
20081660 35.9 26.5 10.1 
20081670 37.0 27.1 11.2 
20081680 38.0 28.7 12.3 
20081690 40.2 27.1 11.3 
20081700 37.9 25.8 7.7 
20081710 37.9 25.1 12.2 
20081720 37.5 26.3 12.6 
20081730 38.3 25.3 15.2 
20081740 37.8 25.1 5.0 
20081750 36.6 26.4 10.4 
20081760 38.0 25.7 13.9 
20081770 38.9 27.0 7.3 
20081780 36.1 26.2 14.0 
20081790 37.1 25.4 13.8 
20081800 38.6 26.8 9.9 
20081810 37.3 25.1 19.4 
20081820 38.0 25.3 16.4 
20081840 40.3 25.3 7.6 
20081850 40.7 26.8 11.7 
20081860 38.6 25.8 8.1 
20081870 36.9 25.0 13.8 
20081880 39.4 25.2 18.5 
20081890 38.4 26.3 10.9 
20081900 37.9 25.3 10.0 
20081910 39.0 28.5 11.2 
20081920 37.7 26.3 13.8 
20081930 39.3 27.1 8.7 
20081940 37.1 25.3 13.5 
20081950 40.0 26.3 7.0 
20081960 37.5 29.1 7.0 
20081970 38.0 27.1 9.6 
20081980 38.3 25.7 11.2 
20081990 35.9 27.0 12.6 
20082000 38.1 26.1 15.9 
20082010 40.0 26.7 7.9 
20082020 39.7 27.9 8.4 
20082030 39.7 28.0 12.0 
20082040 39.9 27.4 17.5 
20082050 37.2 29.7 10.3 
20082060 38.5 28.5 8.0 
20082070 37.9 30.1 4.2 
20082080 42.6 27.3 9.7 
20082090 42.4 26.8 7.6 
20082100 41.7 25.7 11.9 
20082110 41.5 24.9 14.2 
20082120 40.4 24.7 2.0 
20082130 41.4 24.4 5.5 
20082140 40.8 23.2 6.5 
20082150 39.1 24.7 10.3 
20082160 40.5 26.1 9.7 
20082170 40.3 27.9 16.2 
20082180 39.6 27.1 10.7 
20082190 41.1 27.6 5.8 
20082200 40.3 25.9 6.7 
20082210 39.2 26.1 6.0 
20082220 40.2 27.6 6.4 
20082230 40.1 25.7 15.7 
20082240 40.3 26.8 8.3 
20082250 41.1 27.3 9.0 
20082260 38.9 27.3 9.6 
20082270 41.4 26.7 15.0 
20082280 40.7 28.8 8.3 
20082290 41.7 27.5 11.2 
20082300 39.3 28.2 10.4 
20082310 41.5 27.0 6.3 
20082320 41.6 27.6 11.5 
20082330 40.3 28.9 7.7 
20082340 41.1 26.5 10.0 
20082350 41.3 27.6 15.3 
20082360 42.2 29.2 13.5 
20082370 42.3 30.5 13.8 
20082380 39.9 28.5 11.7 
20082390 39.5 27.3 9.5 
20082400 38.9 27.8 17.4 
20082410 39.6 26.4 16.2 
20082420 41.5 28.2 14.3 
20082430 42.1 29.7 13.0 
20082440 42.8 28.3 8.3 
20082450 40.2 27.1 13.7 
20082460 41.7 28.0 8.0 
20082470 42.5 28.0 10.7 
20082480 40.9 28.9 9.5 
20082490 42.4 28.2 10.3 
20082500 42.1 26.8 11.5 
20082510 39.7 27.4 17.0 
20082520 42.0 27.2 14.5 
20082530 42.4 28.2 3.8 
20082540 40.0 27.4 13.0 
20082550 42.7 29.2 1.1 
20082560 45.0 28.1 7.4 
20082570 44.7 30.2 11.7 
20082580 44.7 30.9 9.7 
20082590 43.8 30.7 10.7 
20082600 43.2 32.0 11.3 
20082610 42.1 32.3 8.3 
20082620 44.9 33.7 4.8 
20082630 36.4 30.8 13.1 
20082640 41.6 33.2 13.7 
20082650 41.0 32.6 10.2 
20082660 41.9 34.0 10.3 
20082670 42.0 30.7 7.2 
20082680 42.9 31.8 6.4 
20082690 43.8 31.4 9.5 
20082700 44.5 30.3 8.0 
20082710 45.1 29.8 9.3 
20082720 43.5 29.7 9.1 
20082730 42.4 30.3 11.3 
20082740 42.9 31.4 11.0 
20082750 42.1 32.4 11.1 
20082760 44.3 30.0 12.6 
20082770 43.4 31.5 13.4 
20082780 42.9 31.5 11.3 
20082790 43.7 31.8 8.1 
20082800 47.0 28.9 8.0 
20082810 43.6 30.2 8.9 
20082820 45.2 30.8 10.5 
20082830 44.9 31.4 1.4 
20082840 43.9 31.1 -0.5 
20082850 44.6 30.2 6.5 
20082860 42.0 29.8 17.0 
20082870 44.0 29.8 12.3 
20082880 43.2 31.1 15.0 
20082890 44.5 31.2 8.9 
20082900 44.1 31.7 11.3 
20082910 42.6 33.4 10.5 
20082920 44.0 32.4 13.1 
20082930 43.3 30.6 9.5 
20082940 43.9 31.2 13.1 
20082950 44.1 31.5 9.2 
20082960 44.3 31.5 10.1 
20082970 44.6 32.7 5.1 
20082980 45.0 32.9 8.6 
20082990 44.7 32.7 7.6 
20083000 44.8 31.9 6.2 
20083010 44.8 31.7 5.2 
20083020 43.8 33.5 11.5 
20083030 44.3 32.9 10.9 
20083040 44.9 33.5 11.5 
20083050 45.1 33.7 17.2 
20083060 45.2 33.5 15.0 
20083070 46.0 33.3 17.5 
20083080 45.1 33.2 8.9 
20083090 45.1 33.0 10.5 
20083100 44.9 33.5 10.1 
20083110 45.2 34.4 7.3 
20083120 45.8 33.6 9.3 
20083130 44.9 33.6 8.1 
20083140 45.9 34.8 7.2 
20083150 46.4 35.1 9.1 
20083160 45.7 33.2 6.6 
20083170 44.6 32.5 8.2 
20083180 47.0 33.0 6.5 
20083190 45.6 31.6 7.9 
20083200 45.1 31.2 11.6 
20083210 45.6 31.6 12.6 
20083220 45.4 30.5 13.8 
20083230 46.9 32.1 14.3 
20083240 46.9 30.5 10.6 
20083250 47.6 32.5 13.0 
20083260 49.5 30.6 13.2 
20083270 46.0 33.0 9.8 
20083280 45.9 32.8 10.9 
20083290 46.6 32.7 11.4 
20083300 46.9 33.2 11.6 
20083310 47.3 34.5 9.7 
20083320 47.1 33.5 9.8 
20083330 46.9 33.5 9.1 
20083340 44.6 34.0 12.6 
20083350 45.7 34.1 11.0 
20083360 47.0 32.5 8.0 
20083370 47.0 32.5 11.2 
20083380 46.1 34.8 13.4 
20083390 46.4 33.1 12.0 
20083400 47.0 32.3 10.3 
20083410 46.8 32.5 11.1 
20083420 46.8 32.0 11.6 
20083430 46.5 31.5 13.0 
20083440 46.7 32.2 9.2 
20083450 47.9 32.1 9.7 
20083460 47.8 33.0 11.4 
20083470 50.8 32.2 6.4 
20083480 48.4 33.0 7.9 
20083490 48.1 33.2 7.6 
20083500 47.8 33.5 11.5 
20083510 47.8 33.0 11.0 
20083520 48.7 32.5 8.1 
20083530 47.9 32.7 5.2 
20083540 47.9 33.3 9.7 
20083550 47.8 34.8 8.0 
20083560 47.8 32.9 10.3 
20083570 47.4 33.1 7.3 
20083580 46.9 35.2 10.6 
20083590 47.3 33.0 9.8 
20083600 49.6 33.8 9.6 
20083610 50.1 34.5 6.8 
20083620 49.9 33.5 9.8 
20083630 49.0 34.7 9.3 
20083640 49.4 35.0 11.4 
20083650 49.1 35.3 9.7 
20083660 48.7 35.0 8.2 
20090010 47.6 35.0 10.1 
20090020 49.6 35.7 8.4 
20090030 48.4 36.1 6.7 
20090040 51.4 37.1 12.0 
20090050 50.3 34.7 10.3 
20090060 51.1 34.7 9.0 
20090070 49.6 35.0 10.5 
20090080 50.9 34.9 8.9 
20090090 51.4 34.8 8.1 
20090100 51.3 34.4 7.5 
20090110 48.7 33.3 7.1 
20090120 49.2 34.6 6.3 
20090130 48.6 35.6 4.9 
20090140 46.6 34.0 14.4 
20090150 49.9 37.0 8.1 
20090160 50.3 36.1 4.7 
20090170 48.3 34.5 9.3 
20090180 49.2 35.4 7.0 
20090190 49.6 34.4 7.7 
20090200 49.6 34.2 8.9 
20090210 48.9 34.1 10.3 
20090220 48.5 35.1 7.4 
20090230 49.5 35.4 8.7 
20090240 48.4 33.8 5.7 
20090250 49.6 34.6 10.2 
20090260 50.1 35.2 5.9 
20090270 51.4 35.1 2.8 
20090280 49.4 41.4 -0.6 
20090290 48.9 39.6 7.9 
20090300 50.2 37.9 9.0 
20090310 50.7 38.0 6.8 
20090320 50.2 37.7 9.7 
20090330 50.3 37.7 10.6 
20090340 50.1 39.0 6.6 
20090350 49.3 37.7 5.7 
20090360 50.5 37.4 9.5 
20090370 50.4 37.5 12.8 
20090380 50.4 36.8 12.0 
20090390 52.0 34.4 13.3 
20090400 49.8 36.8 10.5 
20090410 50.4 37.4 10.5 
20090420 50.2 37.7 9.6 
20090430 49.5 36.9 10.2 
20090440 49.5 37.0 12.6 
20090450 49.4 37.5 13.7 
20090460 50.1 37.4 12.9 
20090470 51.1 37.3 12.2 
20090480 50.1 38.2 10.6 
20090490 49.7 37.3 14.6 
20090500 50.1 37.2 13.6 
20090510 51.6 37.2 14.5 
20090520 50.1 36.5 17.9 
20090530 51.3 37.4 15.5 
20090540 52.9 34.6 12.6 
20090550 51.7 38.9 7.0 
20090560 49.4 36.1 11.8 
20090570 50.7 37.2 12.3 
20090580 51.3 37.8 7.2 
20090590 50.4 36.4 10.1 
20090600 51.7 37.8 10.5 
20090610 49.9 36.5 11.4 
20090620 50.4 37.0 10.9 
20090630 51.7 37.9 9.7 
20090640 51.4 37.3 12.5 
20090650 50.6 36.4 13.7 
20090660 52.0 37.9 10.4 
20090670 51.3 38.2 6.0 
20090680 51.1 38.3 13.5 
20090690 51.9 38.4 12.2 
20090700 51.1 38.1 10.7 
20090710 52.3 39.0 9.3 
20090720 51.0 39.5 8.0 
20090730 50.4 38.8 10.0 
20090740 51.1 38.5 10.3 
20090750 51.1 38.0 10.3 
20090760 51.2 38.7 13.7 
20090980 53.0 36.4 15.4 
20090990 56.1 28.8 16.2 
20091040 53.1 38.2 6.3 
20091050 55.7 34.3 14.8 
20091060 54.7 38.8 14.6 
20091070 54.0 37.2 9.3 
20091080 52.5 37.4 10.7 
20091090 57.0 36.3 16.7 
20091100 55.8 36.8 14.6 
20091110 56.3 39.3 9.6 
20091120 51.9 37.9 13.8 
20091130 53.9 39.2 13.6 
20091140 55.8 39.0 11.3 
20091150 55.3 39.4 12.8 
20091160 55.2 39.4 12.7 
20091170 56.0 38.4 12.8 
20091180 56.0 39.7 8.2 
20091190 55.5 40.2 11.5 
20091200 54.5 39.7 10.9 
20091210 54.1 40.7 9.5 
20091220 55.9 40.2 13.1 
20091230 53.8 37.9 9.8 
20091240 55.2 40.2 10.9 
20091250 56.0 40.5 12.7 
20091260 56.0 41.9 8.4 
20091270 55.3 39.6 12.4 
20091280 56.8 39.1 10.5 
20091290 56.1 39.0 15.8 
20091300 55.7 38.1 16.7 
20091310 55.3 39.0 14.3 
20091320 57.6 39.2 20.8 
20091330 57.2 40.2 16.4 
20091340 57.2 39.7 15.5 
20091350 57.0 40.5 12.5 
20091360 56.4 39.9 14.0 
20091370 57.0 38.3 12.2 
20091380 55.8 37.7 11.3 
20091390 56.8 39.6 5.8 
20091400 54.3 36.5 13.2 
20091410 56.6 38.4 11.2 
20091420 57.3 38.5 13.1 
20091430 56.8 39.1 13.4 
20091440 55.7 36.8 14.3 
20091450 56.1 37.7 10.7 
20091460 56.9 37.0 17.0 
20091470 57.1 38.1 11.6 
20091480 57.1 40.6 13.2 
20091490 56.6 41.3 11.6 
20091500 57.4 39.7 13.5 
20091510 57.5 40.6 7.8 
20091520 56.8 41.1 11.8 
20091530 57.4 39.3 15.3 
20091540 56.8 41.2 14.6 
20091550 57.3 40.2 11.8 
20091560 57.9 39.9 15.9 
20091570 57.8 40.6 14.7 
20091580 56.2 38.9 12.8 
20091590 57.6 39.6 9.1 
20091600 57.0 39.4 13.4 
20091610 58.2 39.5 12.3 
20091620 58.0 40.6 9.4 
20091630 58.7 42.2 7.6 
20091640 58.0 39.9 9.0 
20091650 57.7 38.4 15.7 
20091660 59.3 40.0 14.2 
20091670 57.2 39.1 10.9 
20091680 58.4 38.4 15.1 
20091690 58.1 38.2 19.0 
20091700 57.0 38.4 18.9 
20091710 57.0 41.4 8.5 
20091720 57.7 42.5 12.1 
20091730 57.4 42.6 11.3 
20092130 62.6 39.5 20.6 
20092140 61.8 38.4 12.5 
20092150 60.0 40.1 11.3 
20092160 60.3 41.2 10.1 
20092170 62.0 40.3 10.0 
20092180 63.5 39.7 7.2 
20092300 60.3 39.4 12.1 
20092370 63.2 41.4 9.2 
20092380 60.6 38.6 15.0 
20092390 60.3 39.5 10.4 
20092410 63.1 41.0 16.4 
20092420 61.4 41.4 24.3 
20092430 63.6 40.9 11.0 
20092440 63.0 40.1 8.6 
20092450 63.5 40.9 11.1 
20092460 64.1 41.0 15.1 
20092470 64.1 42.8 12.7 
20092480 63.1 43.7 13.4 
20092490 63.1 42.4 17.6 
20092500 63.9 42.7 12.0 
20092510 65.3 42.1 9.7 
20092520 66.0 43.1 8.6 
20092530 64.3 42.8 6.0 
20092540 63.2 45.9 10.6 
20092550 62.9 44.5 13.3 
20092560 62.5 44.1 16.0 
20092570 65.2 43.5 13.8 
20092580 64.9 43.5 13.4 
20092590 65.4 42.5 11.2 
20092600 65.5 43.7 14.4 
20092610 66.2 42.0 12.8 
20092620 65.3 42.8 9.5 
20092630 63.6 45.1 -2.1 
20092640 66.8 44.0 0.7 
20092650 63.9 40.3 3.4 
20092660 62.8 40.8 12.2 
20092670 63.5 42.8 9.3 
20092680 66.7 42.9 8.4 
20092690 66.2 42.2 15.1 
20092700 64.8 42.7 17.8 
20092710 63.2 40.7 11.5 
20092720 63.9 41.4 13.4 
20092730 63.3 41.8 12.8 
20092740 63.5 44.2 10.4 
20092750 64.0 42.9 15.8 
20092760 64.7 44.7 13.9 
20092770 65.3 42.1 12.7 
20092780 65.4 44.2 12.8 
20092790 65.3 43.2 11.8 
20092800 64.7 43.5 17.0 
20092810 65.0 41.8 18.8 
20093070 66.9 50.3 -3.7 
20093080 66.5 48.0 7.9 
20093090 65.9 47.1 11.7 
20093100 67.1 46.0 11.2 
20093110 66.2 47.1 11.6 
20093120 67.2 45.8 14.3 
20093130 66.8 46.4 9.0 
20093140 65.5 46.1 12.6 
20093150 66.1 46.2 12.3 
20093160 65.3 45.8 13.3 
20093170 66.1 46.2 12.5 
20093180 65.8 46.1 10.4 
20093190 66.9 45.7 15.5 
20093200 66.2 45.4 14.4 
20093210 66.4 45.9 14.6 
20093220 66.0 45.6 13.2 
20093230 65.1 44.2 17.1 
20093240 65.5 44.5 13.6 
20093250 65.3 45.5 11.2 
20093260 65.7 44.8 14.9 
20093270 68.6 48.5 12.5 
20093280 66.8 46.5 7.7 
20093290 67.0 46.1 12.1 
20093300 66.7 46.7 12.9 
20093310 68.2 47.2 12.2 
20093320 67.3 47.0 11.3 
20093330 66.7 47.3 9.5 
20093340 67.9 47.2 10.9 
20093350 67.4 47.1 15.1 
20093360 66.5 48.2 14.4 
20093370 68.8 47.6 9.0 
20093380 67.8 48.0 9.8 
20093390 66.0 46.4 20.3 
20093400 67.7 47.3 13.2 
20093410 66.8 46.5 9.8 
20093420 68.0 48.6 9.0 
20093430 67.5 46.9 14.8 
20093440 67.4 48.1 12.1 
20093450 68.0 49.3 9.2 
20093460 68.1 49.4 13.1 
20093470 69.0 50.3 12.6 
20093480 69.8 48.5 14.9 
20093490 69.6 49.4 13.2 
20093500 66.8 50.8 11.1 
20093510 66.5 49.1 15.5 
20093520 66.6 49.3 17.3 
20093530 67.5 50.2 14.6 
20093540 68.4 51.0 14.7 
20093550 68.6 50.6 15.8 
20093560 69.1 50.2 12.8 
20093570 67.9 47.8 9.6 
20093580 69.1 48.3 11.5 
20093590 69.2 47.8 10.2 
20093600 67.5 47.9 12.0 
20093610 68.2 47.9 14.0 
20093620 66.5 48.6 10.1 
20093630 68.4 48.9 5.4 
20093640 68.6 47.7 12.8 
20093650 68.2 46.9 15.1 
20100010 67.1 48.4 16.0 
20100020 68.6 47.9 16.1 
20100030 68.9 48.7 18.5 
20100040 68.4 48.4 15.8 
20100050 69.7 49.1 18.0 
20100060 69.3 48.8 17.7 
20100070 69.5 49.0 20.2 
20100080 69.8 48.6 18.1 
20100090 68.8 46.1 4.0 
20100100 69.0 44.7 0.6 
20100110 68.5 44.4 3.4 
20100120 69.6 45.0 3.4 
20100130 69.0 45.4 4.8 
20100140 69.3 45.3 3.0 
20100150 70.4 45.6 6.8 
20100160 69.3 45.8 9.0 
20100170 71.3 47.4 7.8 
20100180 70.3 50.1 17.9 
20100190 68.8 48.0 18.3 
20100200 69.4 56.9 5.9 
20100210 68.8 52.4 10.7 
20100220 69.7 53.3 9.3 
20100230 69.8 52.9 12.5 
20100240 69.7 56.7 11.8 
20100250 69.8 56.5 10.9 
20100260 70.8 52.9 12.2 
20100270 67.9 52.0 10.9 
20100280 69.6 51.9 11.9 
20100290 69.7 50.6 10.7 
20100300 69.8 51.2 14.0 
20100310 69.3 50.3 15.5 
20100320 69.7 50.0 12.3 
20100330 70.2 50.4 9.3 
20100340 70.2 49.9 9.0 
20100350 71.5 49.9 12.4 
20100360 70.4 50.3 13.5 
20100370 68.2 50.7 11.6 
20100380 68.6 51.4 13.7 
20100390 69.5 50.4 13.1 
20100400 70.3 51.0 13.3 
20100410 70.8 51.1 8.8 
20100420 71.4 51.2 9.4 
20100430 70.1 48.8 13.7 
20100440 72.0 49.6 10.6 
20100450 70.6 51.1 9.4 
20100460 70.7 51.1 10.9 
20100470 71.6 51.0 12.1 
20100480 71.6 50.8 14.4 
20100490 70.4 49.7 12.5 
20100500 71.0 50.2 8.4 
20100510 71.6 49.7 15.2 
20100520 71.0 50.7 12.3 
20100530 71.8 50.5 12.2 
20100540 72.0 49.9 12.4 
20100550 69.9 47.8 17.3 
20100560 71.6 48.8 15.5 
20100570 71.2 49.6 11.2 
20100580 72.0 49.8 13.8 
20100590 72.0 50.4 15.5 
20100600 72.0 50.8 14.8 
20100610 70.7 49.8 13.8 
20100620 71.8 50.5 15.8 
20100630 72.8 50.3 16.4 
20100640 71.3 50.4 15.5 
20100650 73.2 51.6 13.9 
20100660 72.6 53.1 10.4 
20100670 73.8 51.6 11.4 
20100680 74.4 51.0 14.1 
20100690 74.4 50.8 16.9 
20100700 72.7 51.6 12.6 
20100710 71.7 51.3 13.7 
20100720 71.9 51.9 12.4 
20100730 72.0 52.6 15.5 
20100740 72.2 53.8 12.3 
20100750 71.9 52.3 13.5 
20100760 72.0 50.2 16.4 
20100770 71.5 49.9 15.5 
20100780 72.2 49.9 15.3 
20100790 71.9 49.5 14.7 
20100800 73.1 50.8 14.5 
20100810 72.1 49.4 11.7 
20100820 71.9 48.2 14.1 
20100830 73.9 50.3 15.6 
20100840 73.4 51.1 12.6 
20100850 72.3 49.4 14.5 
20100860 71.9 50.4 15.4 
20100870 73.1 51.6 10.9 
20100880 73.2 50.9 14.8 
20100890 73.6 52.0 13.1 
20100900 72.1 50.7 13.9 
20100910 73.6 50.0 16.9 
20100920 71.7 50.9 11.5 
20100930 73.8 52.3 12.0 
20100940 71.1 51.3 13.4 
20100950 72.3 51.6 16.1 
20100960 73.2 53.2 10.1 
20100970 75.5 52.1 16.6 
20100980 76.3 52.4 13.0 
20100990 71.8 51.9 13.0 
20101000 72.7 51.6 15.6 
20101010 74.6 54.1 8.8 
20101020 75.0 52.3 11.5 
20101030 76.5 51.7 17.5 
20101040 75.0 52.8 9.2 
20101050 73.4 51.6 16.8 
20101060 72.7 53.3 12.7 
20101070 75.5 53.8 1.4 
20101080 74.6 51.0 11.1 
20101090 73.3 51.3 14.2 
20101100 72.6 50.3 17.1 
20101110 72.6 51.6 15.7 
20101120 74.0 51.3 15.3 
20101130 76.8 50.6 18.5 
20101140 78.5 50.8 14.9 
20101150 76.4 50.9 18.3 
20101160 74.4 50.6 13.9 
20101170 72.9 51.2 13.5 
20101180 72.5 51.5 2.9 
20101190 75.3 52.6 13.7 
20101200 75.0 48.8 19.6 
20101210 75.3 51.1 17.4 
20101220 75.9 50.9 12.1 
20101230 74.5 52.0 16.3 
20101240 76.3 52.7 11.5 
20101250 77.0 53.0 14.8 
20101260 76.0 52.5 16.0 
20101270 75.4 54.0 10.9 
20101280 76.0 54.0 8.3 
20101290 75.9 53.1 10.4 
20101300 75.0 52.2 13.3 
20101310 76.9 52.2 12.5 
20101320 75.5 51.1 18.3 
20101330 75.9 53.4 9.2 
20101340 76.3 52.9 14.1 
20101350 75.8 54.6 10.5 
20101360 75.9 53.5 13.0 
20101370 76.6 54.9 11.2 
20101380 76.4 52.8 22.1 
20101390 77.8 54.0 10.7 
20101400 76.8 53.3 14.3 
20101410 77.4 55.5 11.5 
20101420 76.4 52.7 13.9 
20101430 76.6 54.0 15.5 
20101440 77.8 52.4 14.2 
20101450 77.1 52.1 14.6 
20101460 77.7 50.8 20.3 
20101470 78.0 52.3 16.1 
20101480 76.4 52.4 13.8 
20101490 78.4 51.8 4.7 
20101500 78.3 52.9 12.0 
20101510 77.1 53.0 15.8 
20101520 77.2 54.6 15.8 
20101530 77.9 55.1 15.1 
20101540 77.2 55.9 17.5 
20101550 77.9 54.9 15.0 
20101560 78.0 53.1 12.0 
20101570 78.6 52.5 18.8 
20101580 77.2 52.2 17.3 
20101590 78.1 52.3 18.5 
20101600 79.4 50.2 12.9 
20101610 78.4 52.3 13.3 
20101620 77.5 50.4 17.4 
20101630 78.9 50.9 18.1 
20101640 79.6 54.2 16.1 
20101650 77.9 54.4 8.9 
20101660 80.0 53.9 16.4 
20101670 82.1 54.7 19.4 
20101680 80.4 54.6 19.3 
20101690 78.5 54.4 19.7 
20101700 77.6 55.0 20.2 
20101710 77.8 56.8 15.3 
20101720 77.5 54.4 11.9 
20101730 78.6 53.4 14.1 
20101740 79.0 53.7 13.2 
20101750 80.1 53.3 22.0 
20101760 78.9 53.6 18.0 
20101770 80.0 54.0 15.3 
20101780 80.6 52.2 15.1 
20101790 81.2 53.7 5.1 
20101800 79.6 52.3 12.5 
20101810 79.2 51.4 14.4 
20101820 78.2 48.5 1.4 
20101830 81.8 53.2 -2.9 
20101840 80.2 50.6 11.8 
20101850 79.5 52.3 7.0 
20101860 75.8 49.6 10.5 
20101870 77.7 51.6 14.5 
20101880 78.6 52.6 11.5 
20101890 78.0 52.5 7.5 
20101900 84.0 50.9 6.5 
20101910 84.0 49.4 20.1 
20101920 82.5 49.0 16.4 
20101930 80.3 50.5 16.5 
20101940 77.1 48.7 20.4 
20101950 78.3 47.3 18.6 
20101960 78.3 51.2 24.0 
20101970 81.0 51.2 16.7 
20101980 80.0 53.6 1.5 
20101990 79.6 55.0 17.6 
20102000 81.8 55.6 12.2 
20102010 83.9 53.2 15.6 
20102020 79.4 52.7 14.6 
20102030 81.9 51.5 11.2 
20102040 80.2 52.6 18.5 
20102050 79.6 54.4 12.3 
20102060 79.3 54.8 15.7 
20102070 80.3 55.5 20.9 
20102080 81.1 55.8 12.2 
20102090 81.4 55.5 15.5 
20102100 81.2 54.3 19.3 
20102110 77.9 56.3 16.4 
20102120 83.6 56.2 7.9 
20102130 81.3 55.1 13.8 
20102140 80.1 53.1 18.8 
20102150 80.3 53.6 16.7 
20102160 80.8 56.1 12.2 
20102170 82.5 56.3 17.9 
20102180 82.5 55.8 19.7 
20102190 82.4 57.3 17.3 
20102200 80.7 56.3 21.4 
20102210 80.9 56.5 17.2 
20102220 80.0 54.5 10.6 
20102230 81.9 55.1 15.4 
20102240 81.0 55.8 17.7 
20102250 81.6 55.7 12.8 
20102260 81.4 56.5 13.3 
20102270 81.7 56.3 16.0 
20102280 81.1 55.2 16.6 
20102290 83.1 57.1 11.5 
20102300 81.9 57.6 12.4 
20102310 81.7 56.0 16.4 
20102320 83.0 57.3 14.5 
20102330 80.0 54.7 15.7 
20102340 81.5 52.8 16.2 
20102350 81.7 53.9 16.2 
20102360 82.0 57.3 12.5 
20102370 81.5 56.1 18.3 
20102380 82.3 57.1 9.8 
20102390 84.1 57.2 15.8 
20102400 82.3 58.0 -1.0 
20102410 83.6 57.2 2.9 
20102420 84.4 58.2 11.8 
20102450 80.9 55.2 16.5 
20102460 82.2 58.4 11.0 
20102470 82.4 60.9 12.2 
20102480 84.8 58.7 14.7 
20102490 85.5 57.9 17.1 
20102500 83.3 58.8 13.7 
20102510 84.2 58.9 18.0 
20102520 83.0 58.4 15.8 
20102530 81.8 58.6 22.5 
20102540 85.8 58.9 6.3 
20102550 85.1 58.3 19.0 
20102560 83.2 57.7 14.5 
20102570 83.9 58.1 14.6 
20102580 82.5 58.3 17.1 
20102590 82.3 57.8 20.4 
20102600 83.6 58.5 19.0 
20102610 83.0 59.0 13.2 
20102620 82.7 58.7 17.0 
20102630 84.6 58.5 18.9 
20102640 82.7 58.1 17.4 
20102650 85.1 58.1 18.9 
20102660 84.9 59.3 18.0 
20102670 84.5 58.7 15.9 
20102680 83.5 58.5 17.8 
20102690 84.6 59.8 15.5 
20102700 85.3 60.7 16.2 
20102710 84.4 60.2 17.0 
20102720 83.2 60.9 16.1 
20102730 82.9 61.1 15.6 
20102740 85.1 61.3 14.8 
20102750 84.6 61.0 18.8 
20102760 86.3 60.5 15.5 
20102770 85.3 61.2 17.7 
20102780 85.3 60.8 18.9 
20102790 85.8 62.1 18.7 
20102800 85.5 61.4 15.0 
20102810 84.8 60.6 15.7 
20102930 83.7 63.4 13.2 
20102940 84.4 60.3 18.2 
20102950 83.8 59.1 24.0 
20102960 86.3 61.6 17.9 
20102970 86.3 60.6 16.1 
20102980 83.9 62.4 13.6 
20102990 84.2 60.8 19.1 
20103000 84.9 61.5 10.3 
20103010 84.5 59.6 21.3 
20103020 86.3 61.2 17.5 
20103030 86.2 61.7 17.0 
20103040 86.5 61.8 20.0 
20103050 87.1 61.1 16.1 
20103060 84.0 58.7 19.9 
20103070 86.6 61.1 17.8 
20103080 85.4 61.6 16.2 
20103090 85.5 60.8 19.5 
20103100 86.9 61.3 15.1 
20103110 86.0 61.5 17.9 
20103120 85.4 59.5 18.1 
20103130 85.5 60.4 17.3 
20103140 85.0 60.5 18.1 
20103150 86.4 62.4 16.8 
20103160 86.9 63.3 13.0 
20103170 89.3 60.5 18.5 
20103180 86.7 60.7 15.0 
20103190 88.1 60.0 14.1 
20103200 85.9 60.5 13.1 
20103210 87.3 61.4 12.4 
20103220 86.5 61.0 16.1 
20103230 86.1 62.3 13.5 
20103240 87.5 62.0 16.7 
20103250 87.7 62.1 16.9 
20103260 87.1 63.4 14.4 
20103270 87.7 63.4 15.6 
20103280 87.8 64.2 14.7 
20103290 87.4 63.3 17.6 
20103300 86.9 64.0 14.1 
20103310 86.4 63.6 18.9 
20103320 88.8 65.7 19.4 
20103330 86.9 62.9 18.2 
20103340 87.2 61.7 16.4 
20103350 88.2 63.1 17.8 
20103360 88.0 63.1 26.8 
20103370 87.9 64.4 22.8 
20103380 87.9 64.1 27.0 
20103390 88.9 65.7 24.8 
20103400 88.1 64.8 21.0 
20103410 86.4 63.0 12.2 
20103420 88.0 62.6 18.4 
20103430 87.7 65.0 14.8 
20103440 87.3 64.2 18.5 
20103450 87.4 63.7 16.2 
20103460 88.6 63.1 14.1 
20103470 88.1 62.9 17.2 
20103480 88.6 63.4 18.0 
20103490 87.7 63.9 19.2 
20103500 87.9 64.6 20.2 
20103510 88.3 64.4 19.7 
20103520 87.3 63.7 24.3 
20103530 88.8 64.7 21.7 
20103540 87.9 63.6 17.2 
20103550 89.2 63.5 15.6 
20103560 88.9 63.6 19.2 
20103570 88.3 64.0 15.9 
20103580 89.3 64.0 15.6 
20103590 89.8 64.8 19.1 
20103600 88.9 64.5 22.5 
20103610 89.8 64.8 23.4 
20103620 88.8 65.3 23.0 
20103630 87.5 64.7 16.1 
20103640 88.2 65.8 23.2 
20103650 89.7 66.5 15.6 
20110010 87.8 65.8 19.7 
20110020 88.0 66.0 16.8 
20110030 87.6 66.4 19.4 
20110040 88.1 67.1 16.5 
20110050 88.8 67.8 17.5 
20110060 88.6 66.7 16.7 
20110070 88.8 64.8 15.9 
20110080 88.5 64.6 14.0 
20110090 88.2 62.6 20.4 
20110100 89.1 64.8 11.4 
20110110 88.6 65.1 15.2 
20110120 89.4 63.6 17.4 
20110130 88.7 65.2 13.9 
20110140 88.1 65.4 14.1 
20110150 87.9 63.1 16.3 
20110160 86.1 62.1 20.9 
20110170 86.7 63.4 18.3 
20110180 89.2 63.5 18.5 
20110190 89.0 63.1 16.5 
20110200 89.5 66.7 13.0 
20110210 89.9 67.5 11.2 
20110220 90.1 68.5 9.6 
20110230 88.8 66.2 16.8 
20110240 89.2 66.0 15.3 
20110250 89.8 65.8 15.3 
20110260 89.2 65.3 11.9 
20110270 92.5 65.2 19.2 
20110280 91.1 67.5 13.0 
20110290 90.2 67.9 14.7 
20110300 91.8 66.4 16.1 
20110310 91.0 66.6 16.6 
20110320 89.5 66.7 14.9 
20110330 89.8 66.1 15.4 
20110340 90.6 66.0 17.8 
20110350 90.6 66.4 11.1 
20110360 88.0 65.9 12.1 
20110370 89.6 64.8 11.7 
20110380 89.3 63.6 20.2 
20110390 89.9 65.0 16.7 
20110400 86.4 64.5 12.6 
20110410 90.4 64.6 19.0 
20110420 90.7 66.7 18.0 
20110430 91.7 66.9 17.8 
20110440 91.7 66.8 19.6 
20110450 91.4 66.6 18.5 
20110460 91.3 67.1 19.2 
20110470 91.1 66.6 16.0 
20110480 91.8 67.0 18.5 
20110490 92.2 67.5 10.9 
20110500 91.4 68.1 5.1 
20110510 93.6 67.5 4.9 
20110520 94.8 66.1 8.0 
20110530 92.2 67.6 10.5 
20110540 90.0 68.3 10.8 
20110550 89.6 67.5 5.5 
20110560 91.9 68.7 3.1 
20110570 92.5 66.2 14.7 
20110580 92.4 67.1 12.1 
20110590 94.8 65.0 15.5 
20110600 93.9 65.6 18.0 
20110610 93.9 65.6 19.4 
20110620 93.6 67.0 16.2 
20110630 93.4 66.0 12.6 
20110640 90.6 65.6 11.4 
20110650 91.0 68.3 10.9 
20110660 95.5 65.7 13.4 
20110670 92.9 67.1 14.7 
20110680 92.1 66.2 14.0 
20110690 92.6 67.6 13.7 
20110700 91.9 66.2 11.8 
20110710 92.5 65.8 12.8 
20110720 93.0 65.2 17.0 
20110730 91.6 65.0 16.0 
20110740 94.6 64.3 21.6 
20110750 93.4 66.2 14.7 
20110760 93.2 66.9 13.9 
20110770 95.9 65.9 11.0 
20110780 91.8 69.1 14.6 
20110790 92.2 70.5 10.8 
20110800 95.6 67.3 -3.5 
20110810 91.7 67.6 -1.0 
20110820 91.1 67.3 12.6 
20110830 90.5 66.2 18.4 
20110840 91.3 65.1 17.5 
20110850 91.2 67.7 14.6 
20110860 93.9 67.8 13.1 
20110870 92.0 66.2 17.5 
20110880 90.9 64.1 16.7 
20110890 91.8 65.0 23.3 
20110900 94.9 66.1 17.4 
20110910 94.2 66.7 14.3 
20110920 94.8 65.9 13.9 
20110930 95.4 66.6 12.8 
20110940 93.3 66.4 12.5 
20110950 93.1 66.3 17.0 
20110960 95.2 65.8 18.3 
20110970 94.3 66.9 14.5 
20110980 94.4 67.1 10.9 
20110990 95.0 67.6 15.7 
20111000 93.2 65.6 14.1 
20111010 92.0 66.0 18.3 
20111020 93.2 67.6 11.0 
20111030 94.0 68.8 12.8 
20111040 94.4 68.2 14.3 
20111050 96.6 72.9 5.1 
20111060 101.4 65.8 11.4 
20111070 99.5 67.1 9.8 
20111080 98.9 67.1 16.5 
20111090 97.3 66.7 13.6 
20111100 97.6 65.9 15.7 
20111110 98.6 65.6 2.0 
20111120 95.9 65.7 8.0 
20111130 98.4 64.7 9.0 
20111140 98.9 65.1 7.1 
20111150 95.4 70.4 1.6 
20111160 96.9 69.0 11.5 
20111170 98.7 66.2 19.8 
20111180 98.6 66.2 16.6 
20111190 98.0 67.2 16.1 
20111200 98.7 67.8 16.9 
20111210 99.2 68.2 10.2 
20111220 97.3 68.4 16.2 
20111230 96.4 69.2 11.4 
20111240 96.3 68.3 7.1 
20111250 96.0 71.2 1.4 
20111260 98.3 70.1 12.0 
20111390 98.2 66.1 21.4 
20111400 96.4 67.5 7.0 
20111430 97.6 64.1 -4.5 
20111440 97.6 66.9 8.7 
20111450 98.3 66.4 12.5 
20111460 98.4 68.6 12.3 
20111520 95.1 71.1 15.4 
20111810 100.3 71.6 12.9 
20111820 99.3 69.3 11.2 
20111830 98.9 67.2 11.7 
20111940 98.7 69.0 15.1 
20111950 99.6 68.4 9.1 
20111960 100.6 69.1 14.8 
20111970 101.9 68.7 8.9 
20111980 101.1 66.8 6.5 
20111990 101.1 67.3 15.6 
20112000 102.5 69.2 10.0 
20112010 102.5 70.0 5.9 
20112020 101.1 70.5 8.1 
20112030 100.4 70.5 6.5 
20112040 100.9 69.3 12.8 
20112050 102.2 71.0 14.6 
20112060 102.5 70.9 10.2 
20112070 103.6 70.1 8.2 
20112080 101.7 71.2 8.6 
20112090 103.8 71.3 -4.0 
20112100 100.1 69.4 17.5 
20112110 102.0 68.7 13.2 
20112120 102.2 70.5 14.0 
20112130 101.5 71.3 7.5 
20112200 103.5 71.6 3.1 
20112210 103.3 71.1 9.1 
20112220 102.5 70.6 15.9 
20112230 102.0 71.5 13.8 
20112240 102.7 71.5 8.8 
20112250 100.9 68.7 13.1 
20112260 103.1 67.5 15.9 
20112270 101.4 69.1 10.8 
20112280 100.7 67.5 7.8 
20112290 103.9 67.3 10.7 
20112300 104.5 68.8 13.7 
20112310 100.7 68.8 10.2 
20112320 102.9 69.0 9.0 
20112330 104.6 70.2 10.0 
20112340 102.6 68.0 15.7 
20112350 104.4 67.9 13.5 
20112360 104.5 68.0 18.7 
20112370 103.8 67.0 14.4 
20112380 105.1 68.7 7.8 
20112390 103.7 69.2 8.4 
20112400 102.1 69.3 1.3 
20112410 102.2 69.9 17.1 
20112420 101.9 71.7 10.6 
20112430 105.2 69.9 3.9 
20112440 104.7 70.7 7.3 
20112450 102.5 69.1 16.0 
20112460 105.4 69.1 8.2 
20112470 105.4 71.5 10.7 
20112480 103.7 70.0 14.0 
20112490 105.1 70.8 20.4 
20112500 102.8 73.5 2.8 
20112510 104.5 73.0 11.0 
20112520 104.9 73.4 9.0 
20112530 105.4 73.1 11.6 
20112540 105.3 72.2 11.1 
20112550 104.1 72.0 9.3 
20112560 104.2 71.2 10.2 
20112570 105.4 73.9 8.1 
20112580 101.7 72.6 13.5 
20112590 105.2 68.7 7.0 
20112600 105.4 72.5 15.6 
20112610 105.4 72.6 12.5 
20112620 102.4 72.3 15.9 
20112630 102.6 73.4 11.9 
20112640 103.2 70.7 9.4 
20112650 102.3 70.8 18.5 
20112660 99.7 71.6 12.4 
20112670 107.7 69.2 18.2 
20112680 100.6 70.2 -2.5 
20112690 104.0 70.2 -3.0 
20112700 106.6 73.8 -21.9 
20112710 107.6 71.4 0.3 
20112720 109.1 70.7 7.4 
20112730 108.5 70.0 14.7 
20112740 108.0 70.8 12.3 
20112750 103.6 76.1 -15.6 
20112760 99.6 68.2 20.6 
20112770 102.9 69.6 14.8 
20112780 104.3 68.6 12.0 
20112790 106.2 71.1 8.6 
20112800 104.8 72.4 10.8 
20112810 104.5 73.7 12.4 
20112820 104.8 74.0 15.1 
20112830 105.3 75.6 10.2 
20112840 102.6 73.7 7.4 
20112850 103.3 73.2 10.0 
20112860 102.8 74.0 14.8 
20112870 106.5 75.1 9.8 
20112880 107.4 73.0 14.3 
20112890 106.3 75.3 12.6 
20112900 105.3 74.5 10.5 
20112910 106.1 73.1 13.8 
20112920 104.6 72.5 18.2 
20112930 104.9 73.8 13.2 
20112940 107.4 75.6 3.4 
20112950 107.2 74.5 13.8 
20112960 106.2 75.4 12.8 
20112970 106.2 75.8 14.7 
20112980 106.6 75.3 14.1 
20112990 106.1 75.1 11.5 
20113000 107.0 75.6 8.5 
20113010 105.0 74.7 5.7 
20113020 108.7 73.8 13.6 
20113030 100.7 72.3 8.4 
20113040 108.3 74.6 8.9 
20113050 106.6 75.5 9.6 
20113060 106.9 74.3 12.6 
20113070 107.2 74.5 10.3 
20113080 106.7 74.4 11.7 
20113090 107.0 75.4 13.3 
20113100 106.9 74.9 10.8 
20113110 107.6 76.0 10.5 
20113120 107.7 75.6 10.5 
20113130 107.0 74.1 9.6 
20113140 108.8 74.8 10.5 
20113150 107.8 76.2 10.3 
20113160 108.5 76.4 11.8 
20113170 108.2 76.4 12.4 
20113180 109.0 75.4 14.8 
20113190 109.9 73.5 12.6 
20113200 108.0 75.3 12.2 
20113210 106.0 74.8 13.9 
20113220 107.7 76.6 2.9 
20113230 109.0 74.9 6.8 
20113240 107.1 75.3 9.9 
20113250 108.0 76.4 14.4 
20113260 109.4 74.0 9.4 
20113270 107.5 75.7 6.6 
20113280 107.8 75.4 6.6 
20113290 106.3 76.1 9.6 
20113300 107.6 74.9 12.7 
20113310 107.6 76.8 10.6 
20113320 106.3 75.2 7.4 
20113330 107.7 76.6 11.2 
20113340 106.8 76.5 12.5 
20113350 107.2 75.9 11.1 
20113360 107.8 76.2 6.3 
20113370 107.5 76.3 13.5 
20113380 109.7 77.5 9.4 
20113390 107.6 76.8 13.5 
20113400 107.2 77.0 11.7 
20113410 108.1 77.7 12.7 
20113420 107.3 77.9 10.4 
20113430 108.4 78.5 8.3 
20113470 109.6 76.2 8.7 
20113480 110.2 76.6 10.6 
20113490 108.6 74.6 14.3 
20120050 111.2 81.4 4.4 
20120060 108.6 79.8 5.8 
20120070 110.7 79.5 2.1 
20120080 108.1 80.1 4.5 
20120090 110.9 80.4 6.1 
20120100 109.1 79.6 5.8 
20120110 109.9 79.4 4.0 
20120120 109.7 79.6 6.8 
20120130 109.9 79.9 1.7 
20120140 109.7 80.1 5.1 
20120150 109.3 80.1 9.8 
20120160 109.8 81.5 5.5 
20120170 110.6 79.3 7.7 
20120180 110.0 78.9 7.8 
20120190 113.2 77.8 4.5 
20120200 110.7 78.8 5.9 
20120210 110.4 79.8 4.6 
20120220 111.2 79.5 3.2 
20120230 108.9 80.2 11.9 
20120240 110.1 79.7 6.1 
20120250 111.4 77.7 -10.3 
20120260 114.2 75.4 -4.4 
20120270 112.7 78.3 -3.3 
20120280 113.4 79.2 0.5 
20120290 112.4 80.3 6.0 
20120300 112.6 81.7 8.2 
20120310 112.9 81.3 7.8 
20120320 113.0 80.5 9.0 
20120330 112.9 80.1 11.6 
20120340 111.9 81.2 7.6 
20120350 111.8 82.2 4.7 
20120360 112.7 81.9 9.0 
20120370 111.6 82.9 5.2 
20120380 109.3 84.5 -2.3 
20120390 113.4 80.1 6.9 
20120400 111.8 81.8 6.6 
20120410 113.3 81.2 9.0 
20120420 113.8 80.9 8.0 
20120430 112.9 80.4 4.0 
20120440 111.8 79.8 13.2 
20120450 110.5 79.3 9.7 
20120460 112.8 78.6 6.6 
20120470 111.5 78.9 8.9 
20120480 110.6 78.7 7.8 
20120490 111.9 77.7 7.2 
20120500 110.4 78.8 4.4 
20120510 111.0 79.2 7.3 
20120520 111.3 79.0 6.8 
20120530 111.9 78.5 7.2 
20120540 112.3 79.0 4.7 
20120550 109.1 78.6 4.9 
20120560 109.0 79.3 4.6 
20120570 112.1 78.4 8.5 
20120580 111.6 79.7 9.5 
20120590 111.9 81.3 5.8 
20120600 112.3 79.7 6.0 
20120610 108.6 78.2 9.0 
20120620 110.8 81.4 2.7 
20120630 115.1 79.2 5.2 
20120640 113.4 79.9 9.8 
20120650 113.1 80.2 8.3 
20120660 112.9 83.7 1.1 
20120670 112.6 80.8 3.9 
20120680 112.8 81.0 8.9 
20120690 110.6 80.1 12.1 
20120700 112.3 80.4 7.5 
20120710 112.1 80.3 7.9 
20120720 113.0 80.8 6.6 
20120730 111.6 80.2 9.0 
20120740 111.9 81.2 7.0 
20120750 110.8 80.9 2.0 
20120760 110.4 77.4 12.2 
20120770 111.5 77.2 8.2 
20120780 112.7 78.9 7.2 
20120790 111.4 80.0 6.9 
20120800 111.5 79.2 4.2 
20120810 112.7 81.6 1.8 
20120820 116.8 78.5 10.0 
20120830 118.1 78.8 3.0 
20120840 116.1 79.4 -0.6 
20120850 111.6 81.6 6.3 
20120860 112.2 84.6 -12.0 
20120870 111.0 80.6 7.4 
20120880 112.3 79.8 7.3 
20120890 113.0 80.2 9.2 
20120900 114.3 82.8 5.9 
20120910 113.2 81.8 2.8 
20120920 114.2 81.9 5.5 
20120930 114.1 81.6 6.0 
20120940 115.0 81.7 3.9 
20120950 113.7 80.6 9.0 
20120960 115.7 81.3 5.2 
20120970 114.7 81.4 3.4 
20120980 113.8 81.4 9.0 
20120990 113.2 83.6 7.4 
20121000 115.1 82.2 6.4 
20121010 115.7 83.1 1.2 
20121020 113.8 83.2 6.7 
20121030 114.7 81.6 10.0 
20121040 114.2 82.9 3.5 
20121050 117.6 83.0 0.1 
20121060 115.6 83.9 1.4 
20121070 114.8 83.1 5.6 
20121080 114.7 83.6 -1.2 
20121090 116.1 81.9 5.8 
20121100 115.1 81.4 4.2 
20121110 113.4 81.0 7.3 
20121120 116.8 82.2 6.2 
20121130 114.8 80.8 9.9 
20121140 116.8 83.3 3.7 
20121150 116.5 82.5 4.1 
20121160 117.0 82.5 2.2 
20121170 116.6 82.0 1.8 
20121180 116.8 81.2 7.9 
20121190 117.2 82.0 1.9 
20121200 117.8 81.1 1.9 
20121210 118.6 77.7 5.6 
20121230 114.9 79.5 9.7 
20121240 116.9 79.2 6.5 
20121250 113.3 78.9 6.4 
20121260 116.9 80.9 8.7 
20121270 115.0 79.5 5.4 
20121280 116.0 79.8 11.8 
20121290 118.2 82.0 3.1 
20121300 117.5 81.8 6.1 
20121310 115.8 79.5 9.0 
20121320 116.2 78.6 10.4 
20121330 116.3 81.7 4.9 
20121340 117.3 83.6 5.4 
20121350 119.5 82.4 1.7 
20121360 118.8 82.5 6.3 
20121370 117.7 81.5 7.0 
20121380 117.6 83.1 5.4 
20121390 118.9 83.8 7.4 
20121400 119.4 83.0 3.8 
20121410 119.3 82.3 4.0 
20121420 118.9 81.4 6.0 
20121430 119.3 82.9 -2.4 
20121440 117.5 81.4 2.8 
20121450 118.5 80.8 8.4 
20121460 120.2 81.7 6.1 
20121470 119.4 81.0 7.2 
20121480 119.1 81.6 4.3 
20121490 118.0 81.7 6.1 
20121500 118.2 81.8 6.0 
20121510 117.8 81.4 7.1 
20121520 120.9 80.6 1.2 
20121540 117.5 83.5 3.7 
20121550 121.3 83.1 2.7 
20121560 120.9 82.1 2.2 
20121570 118.9 84.4 1.5 
20121580 119.2 85.1 2.8 
20121590 120.2 82.8 4.0 
20121600 119.3 84.3 0.2 
20121610 117.9 83.8 6.0 
20121620 119.1 85.9 -1.7 
20121630 118.9 83.7 2.0 
20121640 121.1 82.9 -0.6 
20121650 119.5 84.5 0.6 
20121660 118.2 85.3 3.6 
20121670 120.0 85.1 0.5 
20121680 121.2 82.3 0.8 
20121690 118.3 82.3 4.4 
20121700 120.2 83.1 -2.3 
20121710 121.7 81.8 -1.4 
20121720 121.6 81.1 -1.2 
20121730 120.8 79.7 0.2 
20121740 119.4 81.5 1.1 
20121750 119.1 81.5 8.4 
20121760 122.1 81.6 0.6 
20121770 119.4 82.6 2.4 
20121780 119.9 82.4 -1.7 
20121790 120.2 81.4 2.7 
20121800 119.6 80.2 7.2 
20121810 118.8 81.0 4.2 
20121820 122.1 80.5 -2.5 
20121830 118.8 79.9 5.1 
20121840 124.3 82.2 -3.1 
20121850 122.5 81.0 3.6 
20121860 123.1 80.0 -14.4 
20121870 130.1 79.1 -1.9 
20121880 118.9 80.6 -1.6 
20121890 115.6 76.0 -0.4 
20121900 119.9 80.8 3.5 
20121910 120.5 79.8 14.8 
20121920 119.4 78.3 5.2 
20121930 120.6 81.2 2.5 
20121940 120.3 83.2 3.6 
20121950 121.8 83.5 -0.2 
20121960 121.7 81.6 0.6 
20121970 121.9 83.1 -0.2 
20121980 123.1 83.5 -3.3 
20121990 120.4 84.0 3.6 
20122000 123.6 82.4 -3.0 
20122010 123.8 81.0 0.0 
20122020 119.9 82.3 0.5 
20122030 117.7 85.1 2.7 
20122040 121.1 86.6 -6.7 
20122050 125.5 82.6 1.1 
20122060 123.6 82.7 4.4 
20122070 123.9 80.2 2.0 
20122080 118.6 84.4 2.7 
20122090 119.1 83.7 -15.7 
20122100 123.0 79.8 2.6 
20122110 123.6 82.9 2.9 
20122120 122.7 82.0 3.2 
20122130 120.9 80.9 7.9 
20122140 123.1 80.3 2.1 
20122150 121.9 80.2 -0.8 
20122160 121.7 82.1 3.1 
20122170 123.0 82.9 2.7 
20122180 123.5 83.6 1.0 
20122190 122.8 83.7 6.8 
20122200 121.6 82.7 6.4 
20122220 121.9 84.3 1.8 
20122230 124.1 85.7 0.2 
20122240 122.6 85.0 6.5 
20122250 125.9 83.8 4.9 
20122260 125.4 83.7 0.4 
20122270 125.0 83.7 -2.7 
20122280 120.2 85.0 -7.2 
20122290 122.5 84.3 4.0 
20122300 123.1 84.1 1.3 
20122310 125.9 82.1 -2.2 
20122320 124.6 84.4 1.1 
20122330 123.2 82.7 5.1 
20122340 121.7 83.7 7.8 
20122350 121.0 85.8 5.9 
20122360 122.2 82.2 9.2 
20122370 124.3 83.8 2.2 
20122380 124.4 85.4 6.4 
20122390 124.2 85.2 2.0 
20122400 123.1 84.2 4.1 
20122410 124.6 84.5 3.6 
20122420 123.8 82.8 3.7 
20122430 124.0 82.8 6.7 
20122440 123.8 85.8 2.9 
20122450 125.1 87.2 -0.0 
20122460 126.1 86.3 2.1 
20122470 125.4 86.8 -5.7 
20122480 126.8 86.1 -7.3 
20122490 123.2 89.3 -9.6 
20122500 123.3 87.6 -0.3 
20122510 124.9 84.7 8.7 
20122520 123.0 85.4 3.0 
20122530 126.2 85.4 -1.1 
20122540 124.7 83.6 -0.2 
20122550 124.0 85.5 6.4 
20122560 124.3 84.8 7.5 
20122570 122.6 87.0 9.4 
20122580 124.5 86.4 3.4 
20122590 122.9 86.8 10.7 
20122600 125.4 87.2 1.8 
20122610 121.7 83.9 -0.4 
20122620 123.0 83.1 9.1 
20122630 123.4 85.9 7.9 
20122640 123.6 86.3 7.5 
20122650 126.0 87.9 5.1 
20122660 124.7 88.8 9.0 
20122670 126.2 88.6 5.5 
20122680 125.9 86.9 7.7 
20122690 126.4 87.9 6.0 
20122700 126.0 87.7 4.9 
20122720 122.9 86.4 0.9 
20122750 125.1 85.3 12.0 
20122760 123.1 86.5 10.7 
20122770 126.1 85.9 4.0 
20122780 125.6 87.3 6.3 
20122790 125.0 88.4 7.3 
20122800 125.1 86.9 1.6 
20122810 125.6 86.9 10.8 
20122820 125.6 86.9 9.3 
20122830 125.1 86.3 14.1 
20122840 122.6 87.5 3.7 
20122850 125.8 86.2 3.9 
20122860 126.9 88.0 5.4 
20122870 125.1 88.6 14.0 
20122880 127.2 88.3 9.3 
20122890 126.6 87.4 9.5 
20122900 125.5 89.3 7.8 
20122910 127.7 89.7 5.8 
20122920 127.4 88.9 6.8 
20122930 127.3 88.6 3.3 
20122940 124.4 85.8 4.2 
20122950 128.8 88.7 -5.5 
20122960 126.3 87.9 -3.8 
20122970 131.8 85.0 1.1 
20122980 127.8 86.6 -3.9 
20122990 126.9 87.1 9.4 
20123010 128.1 87.2 0.7 
20123020 129.2 89.5 -0.8 
20123030 126.5 89.4 6.8 
20123040 127.9 88.0 7.8 
20123050 127.8 88.8 4.0 
20123060 128.1 88.8 1.3 
20123070 128.2 88.6 5.4 
20123080 127.4 87.1 2.2 
20123090 128.0 86.6 4.9 
20123100 127.9 87.2 1.3 
20123110 125.8 87.6 4.0 
20123120 128.2 88.5 1.5 
20123130 126.6 86.7 8.7 
20123140 127.3 88.0 3.4 
20123150 127.6 88.6 5.3 
20123160 128.2 87.1 6.3 
20123170 125.5 86.8 -1.9 
20123190 128.7 87.5 5.4 
20123210 128.6 88.7 4.2 
20123220 128.5 88.6 4.5 
20123230 127.6 87.9 1.9 
20123240 129.0 88.4 2.7 
20123250 128.1 88.5 3.6 
20123260 127.6 86.8 0.5 
20123270 127.4 88.6 4.9 
20123280 127.3 88.1 5.5 
20123290 126.1 87.2 3.5 
20123300 128.1 87.6 4.5 
20123310 128.2 87.7 5.2 
20123320 129.0 87.8 2.1 
20123340 128.4 87.1 5.9 
20123350 128.6 89.1 6.0 
20123360 129.6 89.6 2.9 
20123370 128.5 89.2 7.5 
20123380 128.1 89.5 5.7 
20123390 129.1 89.2 5.7 
20123400 128.3 87.9 7.1 
20123410 127.9 89.1 6.1 
20123420 128.7 90.2 9.1 
20123430 128.3 91.3 10.5 
20123440 127.0 89.6 8.7 
20130160 130.1 94.5 9.1 
20130170 131.4 94.2 4.7 
20130180 132.5 93.4 -3.5 
20130200 133.1 93.6 10.4 
20130210 132.4 92.2 0.3 
20130220 130.5 89.8 7.4 
20130230 131.1 89.7 12.6 
20130240 130.7 90.6 5.6 
20130250 131.2 90.8 7.8 
20130260 131.3 90.6 5.1 
20130270 130.4 89.3 10.8 
20130280 133.1 92.1 7.9 
20130290 131.3 94.3 -0.4 
20130300 133.3 92.7 0.4 
20130310 133.7 93.8 0.7 
20130320 131.5 93.1 0.9 
20130330 130.5 93.2 5.2 
20130340 130.5 93.2 1.6 
20130350 131.5 93.6 0.8 
20130360 132.9 94.0 2.3 
20130370 130.2 92.2 2.5 
20130380 130.6 92.7 6.1 
20130390 129.7 92.4 11.3 
20130400 130.1 94.6 -0.4 
20130410 132.5 97.5 3.6 
20130420 132.7 95.0 7.9 
20130430 133.5 94.4 7.9 
20130440 131.5 94.1 12.2 
20130450 132.5 94.7 5.0 
20130460 132.0 93.2 2.9 
20130490 133.5 93.4 -0.3 
20130500 132.4 93.4 5.5 
20130690 132.8 90.4 4.5 
20130730 133.3 95.8 5.9 
20130740 133.6 95.7 5.7 
20130750 134.9 94.3 1.0 
20130760 135.3 95.4 2.8 
20130770 134.9 95.6 9.1 
20130780 133.4 94.1 11.5 
20130790 135.8 94.3 5.9 
20130800 133.4 94.9 6.7 
20130810 134.8 96.5 2.6 
20130820 137.4 94.5 4.6 
20130830 136.6 95.7 5.3 
20130840 136.9 97.0 7.0 
20130850 136.7 96.6 7.8 
20130860 137.1 95.0 7.6 
20130870 136.5 96.4 2.0 
20130880 135.2 95.3 13.9 
20130890 136.2 94.5 8.5 
20130900 134.7 92.4 2.0 
20130910 135.4 93.3 1.0 
20130920 137.8 94.9 7.1 
20130930 136.1 96.9 2.3 
20130950 136.5 95.1 2.0 
20130960 135.1 96.0 -0.3 
20130970 135.8 96.6 -2.3 
20130980 137.7 95.3 5.8 
20130990 136.0 93.9 2.8 
20131050 136.8 95.0 5.9 
20131060 137.1 94.2 3.0 
20131070 134.0 92.6 7.2 
20131080 135.6 93.5 6.7 
20131090 134.8 93.4 12.5 
20131110 135.8 95.5 4.8 
20131120 136.9 94.1 0.9 
20131130 135.2 94.1 7.8 
20131140 134.9 93.1 12.7 
20131150 134.5 92.4 9.7 
20131160 137.3 94.4 5.7 
20131170 137.5 92.6 3.9 
20131180 138.7 94.8 -1.4 
20131190 135.2 94.4 7.7 
20131210 139.7 95.0 -0.8 
20131220 138.2 96.5 -5.0 
20131230 137.6 96.8 4.3 
20131240 138.2 95.9 4.9 
20131250 140.0 96.4 -0.7 
20131260 139.0 96.8 1.7 
20131270 140.4 96.5 4.5 
20131290 138.1 92.2 4.0 
20131640 183.5 95.9 -135.1 
20131650 142.0 94.9 6.5 
20131660 163.3 114.1 -133.9 
20131670 139.5 93.5 9.1 
20131680 142.4 95.8 3.1 
20131690 141.5 93.5 -2.8 
20131700 141.3 93.3 -0.3 
20131720 139.0 95.2 5.2 
20131730 140.1 97.6 -6.7 
20131740 139.7 95.2 3.0 
20131750 139.3 95.9 4.2 
20131760 140.3 97.2 4.0 
20131770 141.0 98.8 2.9 
20131780 139.8 96.0 -2.7 
20131790 139.8 95.4 5.3 
20131800 140.4 95.8 9.2 
20131810 140.2 96.8 5.7 
20131820 141.5 95.8 8.7 
20131830 141.3 93.8 7.2 
20131840 141.2 95.8 6.4 
20131850 137.4 98.2 7.3 
20131860 140.1 100.3 -4.3 
20131870 144.0 99.2 -2.9 
20131880 143.8 97.2 2.7 
20131890 146.6 94.9 11.7 
20131950 140.1 98.3 -4.0 
20131960 142.5 98.8 -1.9 
20131970 145.5 96.7 -8.4 
20131980 144.7 96.1 1.0 
20131990 145.4 94.7 5.4 
20132000 142.9 96.2 -0.8 
20132010 143.5 97.9 -1.2 
20132020 146.5 94.7 1.7 
20132030 144.4 95.3 -5.3 
20132040 143.9 94.4 -4.1 
20132060 141.0 93.9 5.6 
20132070 141.1 92.6 3.5 
20132080 141.0 94.8 3.8 
20132090 141.5 95.3 6.1 
20132100 139.0 94.4 11.7 
20132110 143.1 95.3 7.9 
20132120 143.3 96.7 2.6 
20132130 142.8 96.0 -5.2 
20132150 144.6 92.1 1.6 
20132160 144.2 96.3 -1.8 
20132170 145.8 96.0 1.8 
20132180 144.9 96.4 4.0 
20132190 145.6 94.2 7.4 
20132200 141.1 95.5 5.3 
20132210 141.6 95.9 -1.0 
20132220 142.3 95.8 6.3 
20132230 142.9 94.5 4.4 
20132240 143.9 96.0 2.7 
20132260 143.6 97.4 7.6 
20132270 146.5 95.9 6.2 
20132280 146.1 97.6 4.3 
20132290 143.7 96.9 4.6 
20132300 145.1 96.1 4.3 
20132310 144.3 98.2 4.8 
20132330 145.0 100.5 0.9 
20132340 148.8 96.9 0.7 
20132350 147.9 97.9 5.2 
20132360 146.2 99.0 3.1 
20132370 144.9 99.2 3.5 
20132380 147.7 97.8 2.1 
20132390 147.7 98.9 1.5 
20132400 145.3 100.7 2.9 
20132420 143.9 99.9 -5.1 
20132430 145.0 98.3 4.8 
20132440 145.0 99.5 4.0 
20132450 145.2 100.4 3.9 
20132460 145.4 100.9 1.8 
20132470 145.0 103.3 -6.4 
20132480 147.8 98.4 2.9 
20132490 146.1 98.8 5.3 
20132500 147.1 96.3 6.2 
20132510 145.6 98.4 0.4 
20132520 143.8 98.7 4.6 
20132530 144.9 98.3 8.5 
20132540 145.2 98.9 5.5 
20132550 145.5 99.8 4.4 
20132560 145.5 98.6 8.9 
20132570 143.6 97.9 2.4 
20132580 144.8 98.5 7.8 
20132590 145.9 100.0 -0.1 
20132600 145.0 100.0 4.7 
20132610 144.9 100.6 3.0 
20132620 145.8 99.3 2.0 
20132630 146.0 100.5 5.8 
20132640 144.5 99.4 8.7 
20132650 145.0 99.1 10.1 
20132660 147.5 99.1 5.2 
20132670 145.2 98.7 9.1 
20132680 145.7 98.4 2.9 
20132720 149.3 98.2 4.0 
20132730 148.3 100.2 7.9 
20132740 148.8 100.7 3.1 
20132750 149.5 99.7 9.6 
20132760 147.7 102.1 3.4 
20132770 147.6 102.3 3.4 
20132780 146.9 102.7 3.4 
20132790 145.4 103.8 -8.1 
20132800 149.5 100.1 4.8 
20132810 147.8 99.7 5.0 
20132820 146.9 99.1 6.9 
20132830 147.3 101.9 4.5 
20132840 147.4 101.1 -0.3 
20132850 148.1 102.3 1.6 
20132860 146.7 100.9 6.9 
20132870 148.0 102.0 1.9 
20132880 147.7 100.9 2.6 
20132890 146.7 101.8 7.5 
20132900 146.2 101.9 3.4 
20132910 145.7 101.2 5.0 
20132920 147.7 102.7 3.5 
20132930 147.3 100.3 3.6 
20132940 147.2 99.7 6.8 
20133050 143.6 97.5 5.4 
20133090 148.3 101.7 1.6 
20133100 147.2 102.8 0.2 
20133140 149.8 101.4 3.4 
20133150 147.7 104.2 4.2 
20133160 150.7 103.1 4.4 
20133170 147.7 107.3 11.0 
20133210 150.6 104.0 4.9 
20133220 149.4 104.3 1.7 
20133240 148.5 103.1 4.1 
20133250 150.7 103.3 4.0 
20133260 150.6 103.0 3.9 
20133270 150.5 104.3 2.6 
20133280 148.9 104.7 3.0 
20133290 149.0 103.8 2.5 
20133300 149.3 105.0 1.2 
20133310 148.7 104.6 3.7 
20133320 150.1 104.1 6.9 
20133330 149.5 103.5 5.5 
20133340 149.4 103.7 6.5 
20133350 149.3 103.2 7.0 
20133360 151.9 103.5 0.8 
20133370 150.1 104.7 1.6 
20133380 149.8 103.6 7.0 
20133390 150.2 102.4 8.0 
20133420 148.4 105.5 7.7 
20133430 149.8 104.8 3.3 
20133440 149.7 104.3 2.1 
20133450 150.2 103.4 1.7 
20133460 151.1 103.3 2.1 
20133470 150.4 103.0 1.2 
20133480 149.6 104.1 5.2 
20133490 149.7 103.8 9.3 
20133500 150.5 104.5 2.8 
20133510 150.0 105.0 3.0 
20133520 150.7 105.2 2.7 
20133530 151.1 106.0 1.6 
20133540 150.4 105.8 4.7 
20140030 150.9 104.3 6.4 
20140040 148.8 104.4 6.8 
20140170 150.8 104.6 1.8 
20140180 152.5 105.6 3.5 
20140190 152.7 105.7 5.8 
20140200 151.7 105.0 7.8 
20140210 150.1 106.3 10.8 
20140230 147.4 105.8 10.6 
20140250 147.5 108.2 8.7 
20140260 148.7 106.8 12.3 
20140270 150.1 106.4 10.0 
20140640 152.1 107.6 -0.3 
20140650 154.5 109.0 -0.6 
20140660 155.5 109.3 -13.4 
20140670 155.8 109.0 -5.4 
20140680 157.6 106.6 1.6 
20140690 157.0 107.2 -0.8 
20140700 158.7 106.3 -2.5 
20140710 159.3 107.1 1.5 
20140720 155.9 106.3 0.3 
20140730 151.4 104.9 2.4 
20140740 155.1 108.3 1.4 
20140750 154.3 108.8 -1.3 
20140760 153.7 107.8 1.4 
20140770 153.4 105.1 6.2 
20140780 155.3 107.5 6.5 
20140800 154.7 106.7 3.9 
20140810 154.7 106.0 5.2 
20140820 156.4 107.0 4.9 
20140830 157.0 108.2 5.7 
20140840 154.8 107.3 -1.1 
20140850 156.0 109.3 0.2 
20140860 156.8 108.9 0.6 
20140870 161.9 105.0 7.1 
20140880 158.7 106.4 6.4 
20140890 158.6 108.1 -16.1 
20140900 153.8 106.7 11.3 
20140910 156.2 110.9 -11.0 
20140920 157.6 107.4 4.0 
20140930 155.8 104.6 6.3 
20140940 158.7 107.0 5.1 
20140950 157.3 106.5 -4.2 
20140960 154.8 106.6 9.5 
20140980 156.1 108.8 1.5 
20140990 155.2 109.4 2.5 
20141020 155.7 110.5 -6.8 
20141030 155.7 107.3 5.2 
20141040 156.1 110.0 3.8 
20141060 156.7 109.8 0.4 
20141070 159.3 110.9 -9.2 
20141090 160.5 110.5 1.5 
20141100 160.1 109.1 6.3 
20141110 158.7 109.1 6.2 
20141120 156.8 110.2 -4.7 
20141140 161.3 110.1 -0.7 
20141150 159.8 108.9 2.8 
20141160 158.2 110.5 -0.7 
20141170 156.7 107.8 8.7 
20141180 157.6 109.4 -3.7 
20141190 156.7 110.8 -2.3 
20141210 156.4 107.8 1.0 
20141220 158.2 109.4 -1.3 
20141230 157.2 110.9 2.5 
20141240 157.7 110.3 4.0 
20141250 158.1 110.5 -4.8 
20141260 159.4 110.3 1.8 
20141270 158.3 110.3 -1.0 
20141310 158.3 110.4 -0.9 
20141320 159.5 111.4 -3.6 
20141330 154.7 110.2 0.6 
20141340 160.2 110.3 3.4 
20141360 157.5 110.5 2.6 
20141370 160.1 111.3 3.9 
20141380 160.2 112.2 0.5 
20141390 161.4 108.6 4.4 
20141400 163.6 108.6 2.0 
20141410 161.5 107.4 6.5 
20141420 159.8 108.2 1.7 
20141430 160.9 108.7 -0.2 
20141440 159.2 108.5 3.4 
20141450 161.2 108.9 0.3 
20141470 159.6 108.8 7.4 
20141480 160.6 109.9 0.6 
20141490 159.0 111.3 3.3 
20141500 159.9 112.8 0.3 
20141510 159.2 112.4 -0.6 
20141520 160.6 110.0 2.2 
20141530 160.6 111.3 -1.1 
20141540 158.6 107.5 2.2 
20141550 161.2 109.5 3.0 
20141560 161.0 109.3 4.6 
20141570 162.4 112.0 -9.7 
20141580 164.0 109.5 -4.4 
20141600 162.5 109.3 -4.7 
20141610 163.6 107.5 6.8 
20141620 161.0 110.3 -6.9 
20141630 159.5 110.3 -0.8 
20141640 159.9 109.3 -0.6 
20141650 159.4 109.2 5.6 
20141660 163.7 112.0 -2.9 
20141670 165.6 110.5 -2.8 
20141680 163.3 111.3 -3.8 
20141700 157.6 107.0 6.9 
20141710 159.5 108.8 7.2 
20141720 160.6 109.5 9.8 
20141740 159.6 108.1 3.2 
20141750 161.3 110.5 1.0 
20141760 161.2 109.6 5.1 
20141770 165.1 109.4 5.9 
20141780 164.3 110.3 1.5 
20141800 162.8 109.2 0.4 
20141820 163.7 110.1 2.1 
20141840 162.0 108.6 5.8 
20141850 164.6 109.9 5.2 
20141860 164.7 108.6 7.8 
20141870 162.5 108.8 4.1 
20141880 160.5 107.3 1.6 
20141900 162.4 109.8 4.9 
20141920 164.7 112.8 1.2 
20141930 162.5 111.6 3.9 
20141940 164.2 112.2 3.8 
20141950 165.7 109.5 8.9 
20141960 165.2 109.7 2.4 
20141970 166.8 110.3 0.3 
20141980 166.1 113.4 -9.0 
20141990 168.2 108.0 -9.9 
20142000 165.4 109.2 5.8 
20142010 163.5 109.7 8.2 
20142020 162.2 106.9 3.5 
20142030 164.8 112.5 -1.6 
20142040 166.6 110.6 -2.2 
20142050 163.8 112.6 -5.5 
20142060 163.1 110.0 2.6 
20142080 163.2 108.4 0.6 
20142090 165.6 107.9 1.6 
20142100 164.5 110.8 1.3 
20142110 164.6 111.2 -5.1 
20142120 163.2 112.5 3.1 
20142130 164.5 110.5 -1.5 
20142140 163.4 110.8 -0.7 
20142150 162.8 110.1 2.0 
20142160 162.3 107.9 6.7 
20142170 163.6 109.6 2.5 
20142180 164.9 115.3 -3.9 
20142190 164.9 111.7 2.2 
20142210 164.3 110.7 4.1 
20142220 161.3 112.1 5.1 
20142230 163.9 113.1 1.4 
20142240 167.2 110.4 3.1 
20142250 165.9 113.6 -5.8 
20142290 164.9 112.1 9.4 
20142300 167.3 113.4 2.3 
20142330 163.8 112.8 6.1 
20142340 166.1 113.2 5.8 
20142360 164.3 112.8 -0.1 
20142680 165.5 114.8 -0.2 
20142690 169.5 114.7 2.7 
20142700 168.0 116.0 3.3 
20142710 170.5 113.8 2.8 
20142730 162.3 112.4 4.6 
20142740 169.9 117.8 -5.9 
20142760 174.2 118.1 -20.4 
20142780 169.5 116.3 -4.4 
20142790 169.8 116.0 2.2 
20142800 170.5 117.0 3.0 
20143490 171.5 117.3 5.0 
20143500 172.1 115.7 2.9 
20143510 171.3 118.7 -0.3 
20143520 171.8 117.9 0.4 
20143540 175.6 119.3 2.3 
20143550 171.2 120.1 -0.8 
20143560 173.0 120.0 -5.8 
20143650 171.8 120.2 1.4 
