20080380 0.0 0.0 0.0 
20080390 -2.1 1.9 3.9 
20080400 -1.8 2.1 2.1 
20080410 -2.1 2.4 2.2 
20080420 -1.8 1.8 4.1 
20080430 -1.6 1.1 3.9 
20080440 -1.6 2.3 2.9 
20080450 -2.1 2.3 6.5 
20080460 -1.7 1.2 4.1 
20080470 -1.6 2.2 4.1 
20080480 -1.8 2.2 5.1 
20080490 -1.3 1.2 7.3 
20080500 -1.7 1.7 6.0 
20080510 -1.2 2.4 5.1 
20080520 -0.4 2.1 4.0 
20080530 -0.7 2.2 7.5 
20080540 0.4 2.5 3.4 
20080550 -0.5 2.0 3.7 
20080560 -0.3 2.9 -0.5 
20080570 -0.4 2.2 4.5 
20080580 0.6 3.6 3.1 
20080590 -0.7 2.6 6.3 
20080600 -0.6 2.9 2.3 
20080610 -1.6 3.6 0.8 
20080620 -0.6 3.7 -0.7 
20080630 -0.9 4.1 4.5 
20080640 -0.2 4.1 6.4 
20080650 -0.7 3.5 3.4 
20080660 -1.4 3.1 2.7 
20080670 0.1 3.1 4.4 
20080680 -1.0 3.2 6.3 
20080690 0.1 3.3 8.2 
20080700 -0.5 2.7 -1.5 
20080710 0.1 2.8 2.9 
20080720 -0.2 2.6 2.0 
20080730 -0.4 3.4 3.7 
20080740 0.7 3.8 4.5 
20080750 0.3 3.8 2.7 
20080760 0.9 4.2 4.8 
20080770 1.7 4.3 4.1 
20080780 1.3 4.2 3.0 
20080790 1.1 4.0 4.0 
20080800 1.3 4.9 4.1 
20080810 0.4 3.9 1.5 
20080820 1.5 3.3 5.1 
20080830 1.3 4.3 1.9 
20080840 1.6 4.3 1.9 
20080850 1.3 4.8 5.9 
20080860 1.0 4.8 5.9 
20080870 1.2 4.4 1.9 
20080880 1.0 4.1 4.3 
20080890 1.6 5.6 3.6 
20080900 1.5 3.9 4.0 
20080910 1.9 4.6 2.8 
20080920 2.2 4.4 0.5 
20080930 1.9 5.4 2.9 
20080940 1.6 4.6 1.3 
20080950 1.5 4.8 -1.8 
20080960 2.2 4.8 -0.7 
20080970 2.0 4.9 3.3 
20080980 1.0 4.2 3.8 
20080990 1.9 5.2 4.9 
20081000 2.3 4.8 2.4 
20081010 3.6 3.3 7.3 
20081020 3.2 4.5 5.2 
20081030 2.6 4.5 5.5 
20081040 3.1 4.9 3.9 
20081050 3.0 4.9 1.7 
20081060 1.5 3.9 5.1 
20081070 2.1 4.9 3.3 
20081080 2.5 5.1 0.9 
20081090 2.6 5.9 5.7 
20081100 3.0 5.3 6.4 
20081110 3.0 5.3 5.7 
20081120 3.4 5.9 4.5 
20081130 2.8 5.6 4.5 
20081150 3.2 5.9 2.5 
20081160 3.1 5.0 3.8 
20081170 3.0 5.0 2.2 
20081180 4.1 5.7 -2.4 
20081190 3.1 5.4 -0.5 
20081200 3.4 6.3 14.3 
20081210 3.6 5.4 4.3 
20081220 4.0 5.6 3.8 
20081230 3.8 6.4 1.5 
20081240 3.3 6.0 2.0 
20081250 4.1 6.8 2.0 
20081260 3.6 7.0 5.2 
20081270 3.9 5.8 2.2 
20081280 4.5 6.9 4.7 
20081290 4.9 6.3 -0.9 
20081300 4.5 5.7 2.9 
20081310 4.1 7.2 0.6 
20081320 4.5 6.0 -1.6 
20081330 4.8 6.4 1.9 
20081340 5.9 7.3 0.3 
20081350 -39.4 33.1 -39.7 
20081360 2.5 23.4 -3.3 
20081370 -10.1 18.0 -37.9 
20081400 4.9 6.8 4.7 
20081410 4.6 6.8 0.5 
20081420 4.8 6.7 3.7 
20081430 -198.1 -125.8 567.6 
20081440 4.6 5.8 2.1 
20081450 5.9 8.3 -3.3 
20081460 5.8 5.7 1.6 
20081470 5.5 6.4 -0.9 
20081480 6.8 6.3 4.7 
20081490 6.4 6.3 5.2 
20081500 4.9 5.9 6.9 
20081510 6.4 5.0 3.1 
20081520 6.2 6.6 1.2 
20081530 6.0 6.4 6.1 
20081540 6.1 7.6 7.5 
20081550 8.0 5.1 10.2 
20081560 5.6 7.5 8.0 
20081570 5.8 8.8 -9.1 
20081580 7.7 6.1 -0.1 
20081590 6.7 7.0 5.5 
20081600 6.5 7.0 3.2 
20081610 6.9 4.9 3.1 
20081620 5.9 5.7 9.8 
20081630 7.4 6.5 1.4 
20081640 6.1 6.3 4.2 
20081650 6.8 7.5 3.5 
20081660 6.8 7.9 3.1 
20081670 6.3 8.0 3.5 
20081680 6.6 8.0 4.6 
20081690 7.4 7.5 3.2 
20081700 7.5 7.8 4.9 
20081710 8.0 7.1 0.4 
20081720 6.7 7.2 6.8 
20081730 7.1 6.9 6.3 
20081740 7.3 6.6 0.1 
20081750 12.1 6.4 6.3 
20081760 8.1 7.2 5.5 
20081770 8.3 7.3 2.3 
20081780 6.3 5.6 2.4 
20081790 7.1 8.0 2.6 
20081800 7.5 6.6 2.9 
20081810 8.3 7.6 5.2 
20081820 7.6 7.2 6.4 
20081840 7.8 9.0 5.7 
20081860 8.9 6.8 5.2 
20081870 8.4 7.9 -1.9 
20081880 8.7 6.8 5.2 
20081890 7.4 7.4 1.7 
20081900 8.3 7.2 6.1 
20081910 8.8 8.3 3.8 
20081920 7.4 7.2 2.1 
20081930 8.7 6.3 8.3 
20081940 8.9 8.6 5.8 
20081950 8.0 7.4 -0.8 
20081960 7.3 8.6 2.2 
20081970 7.8 9.5 2.8 
20081980 8.2 7.3 3.2 
20081990 7.6 9.1 1.7 
20082000 8.4 8.8 -0.6 
20082010 9.3 8.1 1.8 
20082020 7.0 8.2 0.7 
20082030 8.3 8.0 3.4 
20082040 9.6 8.0 3.3 
20082050 7.3 8.5 2.5 
20082060 8.0 6.3 4.4 
20082070 8.2 6.5 10.3 
20082080 7.7 8.1 4.3 
20082090 9.0 8.1 -0.0 
20082100 9.6 9.0 1.4 
20082110 8.7 9.3 2.4 
20082120 9.8 8.2 0.6 
20082130 11.5 8.8 6.0 
20082140 10.0 6.9 2.6 
20082150 11.1 6.8 4.9 
20082160 9.4 7.6 2.8 
20082170 8.5 10.0 3.2 
20082180 10.0 8.5 3.7 
20082190 9.8 8.4 2.2 
20082200 8.9 6.6 1.3 
20082210 9.4 9.3 -3.1 
20082220 10.3 9.1 2.0 
20082230 9.7 8.3 2.4 
20082240 10.2 7.8 -1.5 
20082250 10.2 9.0 7.2 
20082260 8.8 9.0 6.0 
20082270 10.6 9.5 3.2 
20082280 11.4 8.6 -0.7 
20082290 10.0 8.4 1.8 
20082300 10.1 9.0 -1.4 
20082310 9.5 8.4 -4.2 
20082320 10.2 8.4 0.2 
20082330 9.3 9.4 1.8 
20082340 10.0 9.2 -0.1 
20082350 11.2 8.0 -0.2 
20082360 12.4 9.0 5.5 
20082370 9.6 10.9 3.8 
20082380 10.7 9.1 1.4 
20082390 10.1 8.7 2.4 
20082400 10.7 10.7 -0.4 
20082410 10.3 9.4 -5.2 
20082420 11.7 7.8 0.9 
20082430 10.7 8.7 4.0 
20082440 11.2 9.2 -1.0 
20082450 11.3 7.7 5.7 
20082460 11.4 9.2 0.3 
20082470 11.5 9.6 0.3 
20082480 10.9 9.6 4.0 
20082490 10.8 8.9 4.1 
20082500 11.1 9.5 2.1 
20082510 10.5 9.7 7.1 
20082520 12.4 9.1 0.3 
20082530 11.0 9.7 0.1 
20082540 10.9 10.1 -2.9 
20082550 11.8 10.1 0.1 
20082560 12.1 9.5 14.3 
20082570 11.3 11.1 2.5 
20082580 11.6 10.7 3.3 
20082590 11.4 10.7 1.5 
20082600 11.4 10.7 4.1 
20082610 11.5 10.4 5.1 
20082620 11.1 11.0 1.1 
20082630 11.4 10.0 0.5 
20082640 11.0 10.0 4.1 
20082650 11.0 9.8 -0.8 
20082660 11.8 10.6 2.5 
20082670 12.1 10.4 1.4 
20082680 12.1 9.5 -1.1 
20082690 12.4 10.1 2.1 
20082700 12.0 10.1 -1.5 
20082710 12.5 10.3 -0.7 
20082720 11.9 10.7 -0.8 
20082730 11.6 11.8 -0.1 
20082740 13.2 11.1 0.1 
20082750 13.6 11.0 -1.2 
20082760 13.5 12.1 0.6 
20082770 12.6 11.1 1.3 
20082780 12.1 11.1 1.7 
20082790 12.9 10.9 -4.2 
20082800 12.8 10.9 4.6 
20082810 12.5 10.6 5.1 
20082820 12.4 10.7 -1.6 
20082830 13.2 10.2 0.3 
20082840 13.3 10.4 -1.7 
20082850 13.2 9.7 -0.4 
20082860 12.4 10.9 0.8 
20082870 12.8 9.9 2.1 
20082880 13.1 11.4 -3.9 
20082890 13.0 10.9 -4.0 
20082900 14.6 9.9 6.0 
20082910 14.3 12.0 1.9 
20082920 12.9 11.1 0.6 
20082930 13.4 10.8 -1.7 
20082940 12.9 10.8 -1.7 
20082950 13.2 10.5 0.7 
20082960 12.9 11.4 2.3 
20082970 12.8 11.5 1.2 
20082980 13.0 10.6 0.4 
20082990 13.2 11.4 2.7 
20083000 14.0 10.7 -2.1 
20083010 13.9 10.5 1.8 
20083030 12.9 10.8 0.5 
20083040 13.8 11.5 1.3 
20083050 13.2 11.4 2.3 
20083060 13.2 11.4 3.4 
20083070 14.1 12.3 6.2 
20083080 13.4 12.8 3.6 
20083090 14.0 11.8 -0.6 
20083100 13.1 11.2 -0.9 
20083110 13.8 11.7 -0.2 
20083120 13.8 11.1 1.9 
20083130 13.9 11.6 1.7 
20083140 14.0 12.4 1.3 
20083150 13.9 13.0 3.9 
20083160 14.2 12.9 0.4 
20083170 14.1 12.7 1.5 
20083180 14.1 12.6 1.2 
20083190 14.2 12.4 1.2 
20083200 14.4 12.6 -2.2 
20083210 14.7 13.3 2.0 
20083220 14.2 12.7 5.1 
20083230 14.7 12.9 3.2 
20083240 14.5 13.2 3.3 
20083250 14.0 12.5 9.9 
20083260 14.7 12.2 -1.0 
20083270 15.0 13.1 2.7 
20083280 15.1 12.9 3.8 
20083290 14.2 13.1 3.8 
20083300 14.4 12.7 2.2 
20083310 14.8 12.9 0.9 
20083320 14.8 12.4 2.6 
20083330 14.2 11.2 2.2 
20083340 12.4 12.6 4.4 
20083350 13.9 12.3 1.1 
20083360 15.1 13.2 3.0 
20083370 15.8 13.5 5.2 
20083380 14.4 13.9 4.0 
20083390 15.5 13.1 3.6 
20083400 15.2 13.1 0.8 
20083410 15.5 13.4 3.9 
20083420 14.8 12.7 0.8 
20083430 15.1 12.7 2.2 
20083440 15.4 13.0 0.6 
20083450 15.6 12.8 3.2 
20083460 15.7 11.5 2.8 
20083470 17.8 12.9 -7.2 
20083480 15.7 12.0 0.2 
20083490 15.8 11.7 3.0 
20083500 15.6 11.1 4.4 
20083510 15.9 12.6 1.8 
20083520 15.8 12.0 0.9 
20083530 15.0 13.5 -1.5 
20083540 14.2 13.5 5.0 
20083550 16.6 14.1 3.3 
20083560 16.2 13.3 1.0 
20083570 16.5 14.5 -0.4 
20083580 14.9 26.0 9.8 
20083590 17.0 13.6 -3.6 
20083600 17.4 14.9 2.7 
20083610 16.3 13.7 1.5 
20083620 16.3 13.8 1.1 
20083630 16.4 13.8 2.5 
20083640 16.6 14.0 2.6 
20083650 16.2 14.6 1.0 
20083660 16.7 13.3 -1.6 
20090010 16.8 14.1 0.3 
20090020 17.3 14.3 2.9 
20090030 16.7 15.3 1.5 
20090040 20.1 16.6 3.9 
20090050 18.5 14.1 0.4 
20090060 18.5 13.7 -2.6 
20090070 18.1 13.7 -0.4 
20090080 17.6 12.9 0.3 
20090090 19.6 12.8 -1.0 
20090100 18.2 13.2 -1.4 
20090110 17.7 11.9 -2.1 
20090120 17.8 12.6 -4.4 
20090130 17.4 14.1 -7.1 
20090140 17.6 13.3 -0.2 
20090150 18.8 14.1 -1.7 
20090160 18.6 13.5 -2.3 
20090170 18.0 14.1 -1.9 
20090180 18.4 14.3 -2.7 
20090190 18.2 14.4 1.3 
20090200 18.7 14.9 1.2 
20090210 17.2 15.1 -3.8 
20090220 19.5 14.5 1.2 
20090230 19.2 13.3 1.6 
20090240 18.7 14.8 1.7 
20090250 18.5 15.0 -1.0 
20090260 18.0 15.9 0.6 
20090270 19.5 13.7 0.6 
20090280 18.0 18.7 -4.7 
20090290 16.9 17.3 3.9 
20090300 17.7 15.5 4.0 
20090310 17.8 15.6 4.0 
20090320 17.7 15.1 2.7 
20090330 18.2 14.1 5.8 
20090340 19.3 15.4 2.3 
20090350 18.6 15.9 2.5 
20090360 19.1 15.4 3.6 
20090370 18.5 16.0 4.6 
20090380 19.0 14.1 2.6 
20090390 18.8 16.0 -0.9 
20090400 18.5 15.7 2.0 
20090410 18.8 14.6 -2.8 
20090420 19.2 15.9 1.8 
20090430 18.2 16.0 2.2 
20090440 17.8 15.6 3.2 
20090450 17.9 17.2 5.4 
20090460 19.2 16.6 2.8 
20090470 19.1 16.4 4.9 
20090480 18.7 15.8 6.2 
20090490 18.4 15.8 6.0 
20090500 18.7 16.3 4.9 
20090510 19.7 16.4 5.4 
20090520 18.7 16.2 7.7 
20090530 19.1 17.1 5.5 
20090540 17.9 16.8 -4.3 
20090550 19.0 18.3 -0.8 
20090560 19.3 15.9 0.6 
20090570 20.2 16.0 6.4 
20090580 19.8 17.5 2.0 
20090590 19.4 16.5 3.7 
20090600 19.8 16.8 4.2 
20090610 20.6 16.6 2.3 
20090620 20.4 17.1 4.0 
20090630 19.6 15.7 1.6 
20090640 20.6 16.0 3.3 
20090650 20.8 16.6 1.8 
20090660 20.5 16.8 -0.9 
20090670 20.5 16.9 3.7 
20090680 20.4 17.3 5.7 
20090690 20.7 17.5 5.1 
20090700 20.0 17.4 1.8 
20090710 20.3 17.9 3.8 
20090720 20.7 18.8 -0.9 
20090730 21.6 17.4 1.1 
20090740 21.2 18.1 -0.0 
20090750 20.9 18.5 2.2 
20090760 21.1 17.7 1.2 
20090770 21.3 19.0 2.8 
20090780 20.9 17.9 3.1 
20090790 20.6 18.0 3.2 
20090800 21.4 17.5 4.3 
20090810 20.3 18.7 3.8 
20090820 20.2 18.8 2.8 
20090830 21.6 18.5 1.4 
20090840 21.3 17.9 6.0 
20090850 21.8 17.5 3.2 
20090860 22.0 17.8 6.2 
20090870 21.6 17.3 2.8 
20090880 21.9 18.8 3.0 
20090890 21.7 18.5 1.8 
20090900 22.2 18.2 2.1 
20090910 22.8 19.0 5.0 
20090920 22.8 19.0 4.4 
20090930 22.6 17.8 -1.7 
20090940 23.1 17.9 0.8 
20090950 22.4 17.2 2.7 
20090960 23.5 17.9 1.5 
20090970 22.9 18.0 -0.4 
20090980 22.9 16.7 2.5 
20090990 23.5 18.6 1.0 
20091000 23.9 19.5 1.7 
20091010 23.5 19.6 0.4 
20091020 23.9 18.5 0.3 
20091030 23.7 18.7 -1.9 
20091040 23.6 18.3 0.6 
20091050 23.8 19.1 -2.0 
20091060 24.4 19.0 5.8 
20091070 23.9 16.5 3.6 
20091080 23.8 17.1 7.9 
20091090 23.7 19.6 -0.8 
20091100 24.6 18.0 5.0 
20091110 24.6 18.3 5.8 
20091120 24.6 18.4 4.3 
20091130 23.3 19.1 4.3 
20091140 24.0 19.5 1.7 
20091150 24.2 18.1 2.2 
20091160 24.9 17.7 2.5 
20091170 24.0 18.2 5.1 
20091180 25.0 18.3 0.3 
20091190 24.7 18.7 2.7 
20091200 24.7 18.4 7.9 
20091210 24.9 20.2 4.3 
20091220 25.0 18.4 5.4 
20091230 24.0 18.5 -0.5 
20091240 25.0 19.1 0.8 
20091250 25.0 20.1 5.7 
20091260 25.4 19.1 5.3 
20091270 25.5 18.6 5.6 
20091280 25.6 18.1 3.3 
20091290 25.2 19.1 7.7 
20091300 26.0 19.6 8.3 
20091310 25.9 19.3 6.1 
20091320 26.0 20.3 5.7 
20091330 25.3 19.9 6.1 
20091340 25.6 18.4 8.1 
20091350 25.3 19.0 6.0 
20091360 25.2 19.3 5.2 
20091370 25.7 20.4 3.2 
20091380 25.7 18.8 3.5 
20091390 26.2 18.2 0.7 
20091400 26.1 19.3 8.4 
20091410 26.1 20.4 7.3 
20091420 27.5 17.9 7.0 
20091430 26.0 20.1 5.4 
20091440 27.0 20.1 4.8 
20091450 27.5 18.5 -3.2 
20091460 26.7 18.8 6.7 
20091470 26.0 18.7 7.4 
20091480 26.3 19.3 8.4 
20091490 25.2 20.1 3.7 
20091500 25.1 19.2 2.8 
20091510 25.9 19.5 3.6 
20091520 25.4 20.5 3.7 
20091530 26.7 19.7 4.0 
20091540 26.0 19.5 7.5 
20091550 25.3 19.8 6.9 
20091560 27.8 20.0 5.5 
20091570 26.3 19.5 12.7 
20091580 27.1 20.5 10.6 
20091590 26.8 19.6 4.8 
20091600 26.9 20.8 5.7 
20091610 26.7 19.1 0.5 
20091620 28.6 18.7 5.0 
20091630 28.6 21.1 4.4 
20091640 26.1 20.8 6.8 
20091650 27.7 21.0 5.5 
20091660 27.5 19.8 4.3 
20091670 27.8 20.3 5.2 
20091680 27.3 19.7 7.8 
20091690 27.7 20.8 5.6 
20091700 26.8 19.7 10.2 
20091710 27.0 20.6 7.0 
20091720 27.5 20.5 4.7 
20091730 26.9 21.1 5.3 
20091740 26.6 17.9 10.7 
20091750 27.9 17.7 11.0 
20091760 28.3 20.4 3.8 
20091770 28.3 19.7 6.2 
20091780 28.0 19.9 -2.1 
20091790 28.7 20.6 2.6 
20091800 26.9 20.1 2.3 
20091810 26.8 19.1 4.2 
20091820 26.4 18.0 5.6 
20091830 27.4 19.3 10.4 
20091840 28.2 21.2 4.9 
20091850 28.2 19.9 13.4 
20091860 29.6 19.8 2.9 
20091870 29.0 20.6 4.0 
20091880 28.5 21.0 5.8 
20091900 29.1 21.9 9.0 
20091910 27.6 21.8 14.3 
20091920 28.5 21.0 11.7 
20091930 28.5 20.7 10.8 
20091940 29.4 19.7 11.8 
20091950 30.1 21.1 10.3 
20091960 30.3 18.8 11.0 
20091980 29.5 20.5 0.9 
20091990 31.2 20.7 0.4 
20092000 28.7 21.2 9.4 
20092010 28.9 21.0 5.1 
20092020 29.7 18.2 6.1 
20092030 30.2 19.8 0.4 
20092040 29.8 19.1 -0.5 
20092050 30.4 21.2 4.3 
20092060 29.2 21.0 12.5 
20092070 28.5 21.3 4.0 
20092080 30.0 21.2 5.8 
20092090 29.1 21.4 4.4 
20092100 30.5 22.9 0.6 
20092110 28.2 21.8 -0.6 
20092120 30.0 21.1 4.9 
20092130 30.1 21.8 11.5 
20092140 31.2 21.9 6.0 
20092150 31.0 22.1 7.7 
20092160 29.5 21.2 4.4 
20092170 30.4 21.2 10.0 
20092180 30.4 22.6 5.9 
20092190 30.6 21.8 2.0 
20092200 31.2 22.3 4.5 
20092220 31.6 21.6 1.1 
20092230 31.0 23.2 4.0 
20092240 29.8 22.1 5.9 
20092250 32.4 23.2 8.7 
20092260 30.7 22.9 1.2 
20092270 32.5 22.0 3.0 
20092280 31.1 23.2 2.8 
20092290 31.9 23.4 9.0 
20092300 30.9 22.5 7.3 
20092310 32.6 22.4 7.2 
20092320 31.9 22.9 4.3 
20092330 31.5 23.4 10.2 
20092340 31.2 22.4 10.1 
20092350 31.0 23.3 2.6 
20092360 31.9 22.0 3.4 
20092370 31.5 22.4 4.8 
20092380 32.2 21.5 6.7 
20092390 32.7 24.7 3.5 
20092410 32.5 22.9 3.2 
20092420 32.1 22.8 4.9 
20092430 31.8 22.9 5.0 
20092440 32.1 23.1 2.9 
20092450 31.5 24.1 5.2 
20092460 33.2 22.0 8.3 
20092510 33.1 23.6 -19.0 
20092520 32.3 24.3 1.9 
20092530 32.9 23.9 5.8 
20092540 32.5 23.0 12.3 
20092550 32.0 23.0 8.1 
20092560 32.7 22.3 7.3 
20092570 31.6 24.1 5.5 
20092580 32.2 22.4 3.4 
20092600 32.9 24.6 6.4 
20092610 32.8 23.0 5.3 
20092620 32.4 23.9 6.0 
20092630 32.7 23.0 4.9 
20092640 34.2 23.5 3.3 
20092650 34.8 23.8 5.0 
20092660 33.5 23.0 3.2 
20092680 33.4 24.3 3.7 
20092690 32.9 23.6 2.4 
20092700 33.2 23.3 0.7 
20092710 32.8 24.0 0.7 
20092720 32.6 23.0 7.6 
20092730 33.4 22.9 8.3 
20092740 34.7 24.2 5.0 
20092750 32.5 24.0 7.8 
20092760 33.4 23.8 4.0 
20092770 36.1 24.1 10.9 
20092780 33.4 23.4 10.3 
20092790 34.9 24.1 7.3 
20092800 35.9 23.0 8.4 
20092810 34.5 23.3 8.0 
20092820 33.6 23.3 9.8 
20092830 33.7 24.5 6.5 
20092840 33.8 24.5 6.0 
20092850 32.4 24.9 4.3 
20092860 32.4 26.0 4.5 
20092870 31.8 26.6 10.0 
20092880 31.9 24.9 7.4 
20092890 31.9 25.8 7.4 
20092900 32.9 25.0 1.7 
20092910 32.8 24.9 3.3 
20092920 33.6 25.0 2.4 
20092930 33.1 24.6 2.5 
20092940 33.7 24.2 5.3 
20092950 33.3 24.2 5.4 
20092960 34.0 24.5 3.3 
20092970 33.4 25.1 8.9 
20092980 33.5 25.6 1.6 
20092990 33.5 25.9 -2.4 
20093000 34.1 25.7 3.7 
20093010 34.1 25.5 3.5 
20093030 33.8 26.2 5.0 
20093040 34.1 25.5 3.0 
20093050 34.2 25.2 3.4 
20093060 34.0 24.7 3.5 
20093070 35.1 26.9 1.3 
20093080 32.5 24.4 -1.4 
20093090 34.4 25.4 4.5 
20093100 34.4 25.7 7.9 
20093110 34.5 25.0 2.7 
20093120 34.8 25.6 5.0 
20093130 34.2 25.6 2.4 
20093140 34.4 25.4 4.5 
20093150 34.3 25.5 5.0 
20093160 34.8 25.3 2.2 
20093170 35.0 25.7 -0.5 
20093180 35.2 25.0 4.2 
20093190 35.4 26.5 4.7 
20093200 36.0 26.2 4.0 
20093210 35.8 25.6 1.3 
20093220 35.6 25.3 1.7 
20093230 35.5 25.3 3.9 
20093240 35.1 26.1 1.6 
20093250 35.4 25.7 2.4 
20093260 35.7 25.9 1.6 
20093270 36.9 26.2 4.9 
20093280 36.1 26.6 4.5 
20093290 35.4 25.6 -0.1 
20093300 36.7 25.5 6.4 
20093310 36.4 25.5 4.4 
20093320 36.8 26.0 4.3 
20093330 35.5 26.3 3.9 
20093340 35.9 24.2 0.7 
20093350 36.1 26.0 5.1 
20093360 35.4 27.5 1.2 
20093370 36.7 25.8 4.3 
20093380 36.5 25.9 1.7 
20093390 36.4 25.6 6.7 
20093410 36.5 26.8 2.5 
20093420 35.9 26.3 0.3 
20093430 35.7 26.5 5.5 
20093440 37.1 26.7 2.7 
20093450 36.7 26.4 2.3 
20093460 35.8 26.8 6.9 
20093470 36.2 26.8 6.5 
20093480 36.1 26.1 7.5 
20093490 35.8 27.0 8.8 
20093500 35.7 26.4 6.0 
20093510 35.1 26.4 4.7 
20093520 34.6 25.6 3.2 
20093530 35.1 27.0 4.1 
20093540 35.1 27.3 3.5 
20093550 35.2 27.3 0.5 
20093560 36.3 26.5 -2.7 
20093570 37.8 25.6 1.2 
20093580 37.2 27.1 3.5 
20093600 37.7 28.0 2.7 
20093610 37.7 28.1 6.0 
20093620 38.0 28.0 1.6 
20093630 36.9 27.6 1.9 
20093640 38.2 26.3 -4.2 
20093650 38.9 27.8 5.3 
20100010 37.9 28.9 7.3 
20100020 37.9 27.4 8.8 
20100030 37.2 27.4 8.8 
20100040 38.0 27.0 7.3 
20100050 38.0 27.3 8.9 
20100060 38.3 27.5 6.7 
20100070 38.0 27.5 5.9 
20100080 37.7 27.6 3.1 
20100090 39.0 26.0 -4.3 
20100100 40.3 24.8 -2.3 
20100110 39.5 24.5 1.3 
20100120 39.9 25.2 3.9 
20100130 39.8 24.9 3.2 
20100140 39.6 24.8 3.3 
20100160 40.2 24.4 -1.4 
20100170 41.5 24.5 -0.2 
20100180 39.8 28.2 1.4 
20100190 38.5 27.6 7.6 
20100200 38.0 33.9 4.6 
20100210 37.9 31.4 5.0 
20100220 37.7 31.3 3.4 
20100230 37.6 31.1 2.7 
20100240 38.7 32.4 2.2 
20100250 38.6 32.5 3.0 
20100260 37.9 30.4 2.6 
20100270 37.8 30.9 2.0 
20100280 39.7 29.5 4.0 
20100290 38.8 27.8 4.1 
20100300 39.4 29.2 4.9 
20100310 38.4 29.0 3.1 
20100320 39.1 29.2 5.5 
20100330 39.2 29.6 1.9 
20100340 38.6 29.8 -0.9 
20100360 38.7 29.3 5.2 
20100370 38.8 29.4 2.9 
20100380 39.1 29.3 3.5 
20100390 39.5 29.2 4.0 
20100400 39.4 29.4 3.4 
20100410 39.2 29.4 0.7 
20100420 39.9 29.5 1.1 
20100440 40.7 28.2 4.6 
20100450 39.7 28.8 4.8 
20100460 39.7 28.8 3.7 
20100470 39.8 29.8 6.0 
20100480 40.0 28.8 6.4 
20100490 39.7 28.5 3.3 
20100500 39.8 28.8 2.3 
20100510 40.0 29.9 6.5 
20100520 39.8 30.1 6.5 
20100530 40.4 29.0 4.1 
20100540 40.7 29.1 4.0 
20100550 40.9 29.1 2.1 
20100560 40.4 29.6 2.7 
20100570 40.2 30.0 4.8 
20100580 41.0 29.9 3.9 
20100590 40.9 29.6 3.7 
20100600 40.4 29.9 4.3 
20100610 41.7 30.6 7.4 
20100620 41.5 30.2 5.6 
20100630 40.6 30.8 6.7 
20100640 40.4 30.3 6.2 
20100650 40.9 29.8 6.9 
20100660 40.8 30.1 5.2 
20100680 41.0 30.3 4.5 
20100690 41.3 30.0 8.2 
20100700 41.7 29.5 0.7 
20100710 40.9 30.7 2.4 
20100720 40.6 30.2 5.9 
20100730 41.7 30.3 9.2 
20100740 42.1 31.5 4.2 
20100750 41.6 32.5 4.4 
20100760 42.5 30.2 4.0 
20100770 42.3 30.2 3.9 
20100780 42.9 30.1 2.4 
20100800 44.3 31.6 5.3 
20100810 42.1 31.5 2.4 
20100820 43.2 31.0 4.3 
20100830 42.7 29.6 3.0 
20100840 42.4 28.7 5.5 
20100850 42.7 30.0 0.9 
20100860 42.8 31.2 7.8 
20100870 41.7 31.6 3.1 
20100880 42.7 30.0 7.2 
20100890 43.4 30.6 6.5 
20100900 42.7 30.9 1.5 
20100910 42.3 31.9 3.4 
20100920 43.9 30.4 8.0 
20100930 43.2 31.2 3.3 
20100940 43.4 31.2 4.9 
20100950 42.7 31.6 5.4 
20100970 44.0 31.0 5.1 
20100980 43.8 30.8 3.2 
20100990 42.9 31.4 3.0 
20101000 43.1 31.6 5.2 
20101010 43.3 31.8 4.8 
20101020 43.2 30.8 1.7 
20101030 43.8 32.0 6.3 
20101040 43.7 31.6 5.6 
20101060 44.1 30.9 6.0 
20101070 44.1 32.0 0.9 
20101080 43.8 30.0 -0.1 
20101090 44.0 31.9 3.9 
20101100 45.1 32.2 4.0 
20101110 44.5 32.6 5.0 
20101120 44.4 32.1 4.7 
20101130 44.5 31.5 5.3 
20101140 45.0 31.5 3.2 
20101150 44.8 32.3 2.0 
20101160 44.7 31.1 5.5 
20101170 44.7 32.2 3.4 
20101190 44.3 33.2 1.7 
20101200 45.4 33.1 3.2 
20101210 45.3 31.1 3.2 
20101220 45.6 31.7 6.0 
20101230 44.8 32.5 6.3 
20101240 45.0 32.1 4.0 
20101250 44.7 32.1 5.7 
20101260 45.5 32.6 -1.1 
20101270 43.7 33.8 1.2 
20101280 44.8 32.8 2.5 
20101290 45.7 31.8 2.2 
20101300 46.1 33.6 1.5 
20101310 45.6 31.9 3.0 
20101320 44.7 31.3 1.1 
20101330 45.4 32.1 3.0 
20101340 45.7 32.2 2.8 
20101350 44.8 30.7 5.3 
20101360 44.3 32.5 4.6 
20101370 46.4 32.8 7.0 
20101380 45.6 31.7 12.9 
20101390 45.6 33.2 2.7 
20101400 45.9 32.0 7.6 
20101410 45.8 33.0 7.0 
20101420 47.3 31.7 5.1 
20101430 47.0 32.1 4.7 
20101440 47.8 32.6 6.1 
20101450 46.3 31.8 1.8 
20101460 47.5 33.6 6.0 
20101470 46.8 33.4 4.0 
20101480 47.9 33.1 7.0 
20101500 46.7 32.9 5.7 
20101510 46.5 33.5 6.9 
20101520 45.8 33.4 8.3 
20101530 46.7 33.0 0.7 
20101550 47.5 34.1 4.0 
20101560 48.0 33.1 2.9 
20101570 47.6 33.5 1.0 
20101580 48.3 33.8 -0.5 
20101590 48.0 34.4 3.3 
20101600 48.1 33.2 -0.7 
20101610 49.5 33.9 -2.6 
20101620 49.8 33.2 1.3 
20101630 49.5 33.3 6.5 
20101680 47.5 34.2 4.4 
20101690 48.5 33.4 6.7 
20101700 48.7 33.2 3.6 
20101710 47.9 33.7 2.6 
20101720 47.4 34.3 0.7 
20101730 48.9 33.9 4.3 
20101740 50.2 32.7 6.3 
20101750 49.3 33.3 2.7 
20101760 49.6 32.3 7.5 
20101770 50.4 33.0 1.1 
20101780 49.8 33.2 5.1 
20101790 49.7 33.7 4.6 
20101800 49.3 31.9 5.3 
20101810 50.1 33.3 6.4 
20101820 49.5 32.5 5.5 
20101830 47.9 33.3 -0.4 
20101840 49.3 33.5 1.2 
20101850 49.9 31.8 -0.5 
20101860 49.8 33.7 -1.5 
20101870 48.2 32.5 -1.2 
20101880 50.1 33.4 1.2 
20101890 50.5 33.0 6.4 
20101900 49.5 32.9 2.9 
20101910 50.6 32.5 6.2 
20101920 50.7 33.1 3.5 
20101930 51.4 33.7 6.3 
20101940 50.6 33.3 8.4 
20101950 50.6 32.3 10.2 
20101960 50.9 34.6 2.8 
20101970 49.5 34.3 2.8 
20101980 49.9 33.1 -2.8 
20101990 49.0 34.5 3.1 
20102000 48.6 34.1 3.2 
20102010 49.3 34.3 5.8 
20102020 49.3 35.2 2.1 
20102030 48.2 34.4 6.1 
20102040 51.3 33.7 7.3 
20102050 48.6 34.1 0.3 
20102060 49.0 34.8 4.5 
20102070 49.9 35.5 5.9 
20102080 49.9 35.1 2.4 
20102090 49.4 35.8 6.7 
20102100 49.0 34.4 5.4 
20102110 50.2 35.5 3.9 
20102120 51.1 34.9 0.8 
20102130 51.5 36.5 1.9 
20102140 52.1 34.0 6.3 
20102150 50.0 34.9 6.6 
20102160 50.3 34.9 1.3 
20102170 50.2 36.3 0.4 
20102180 50.0 35.8 7.9 
20102190 49.8 35.4 3.1 
20102200 50.3 36.4 5.5 
20102210 50.6 37.0 3.0 
20102220 51.1 37.0 1.1 
20102230 51.5 36.3 2.3 
20102240 51.0 35.8 3.6 
20102250 51.0 35.6 -1.6 
20102260 51.3 35.0 4.4 
20102270 51.2 34.6 8.4 
20102280 51.3 34.8 -2.1 
20102290 52.5 35.4 3.7 
20102300 51.5 35.6 10.8 
20102310 51.7 36.5 2.9 
20102320 50.5 36.1 1.2 
20102330 51.2 35.5 2.0 
20102340 52.8 35.7 8.5 
20102350 51.1 34.8 1.6 
20102360 53.0 36.4 1.6 
20102370 52.7 36.8 2.1 
20102380 52.3 35.7 5.2 
20102390 53.0 35.4 5.2 
20102400 52.1 36.7 -8.1 
20102410 52.5 36.2 -7.8 
20102420 52.3 36.4 4.3 
20102430 49.7 37.6 1.1 
20102440 53.3 34.9 6.2 
20102450 51.9 37.2 4.3 
20102460 51.4 36.7 3.1 
20102470 51.7 37.1 1.7 
20102480 51.5 36.8 2.7 
20102490 52.9 36.2 1.0 
20102500 52.1 36.9 -0.4 
20102510 52.2 36.8 1.1 
20102520 52.4 36.8 -1.2 
20102530 52.2 36.7 2.6 
20102540 52.1 36.6 4.0 
20102550 52.2 37.4 1.6 
20102560 53.6 36.7 3.3 
20102570 52.4 36.6 3.3 
20102580 53.4 37.2 4.1 
20102590 53.6 37.4 4.3 
20102600 53.0 37.8 3.6 
20102610 53.6 36.9 -0.1 
20102620 53.5 36.9 -0.9 
20102630 53.2 37.5 2.4 
20102640 52.9 37.2 2.1 
20102650 53.3 38.1 5.7 
20102660 52.2 38.0 4.1 
20102670 52.9 36.1 2.5 
20102680 53.2 37.1 -1.3 
20102690 52.5 36.6 1.6 
20102700 53.4 38.5 1.5 
20102710 52.5 38.5 4.6 
20102720 52.3 38.9 0.8 
20102730 52.8 37.9 3.2 
20102740 52.7 38.7 -4.5 
20102750 52.7 38.2 3.4 
20102760 53.8 37.7 5.5 
20102770 53.4 37.7 3.7 
20102780 53.3 37.6 4.2 
20102790 53.1 37.4 6.3 
20102800 53.1 39.1 3.4 
20102810 52.7 39.2 4.5 
20102820 53.4 38.5 2.0 
20102830 53.4 38.2 0.7 
20102840 54.0 38.2 1.5 
20102850 54.0 38.4 1.5 
20102860 53.6 38.5 1.1 
20102870 53.7 38.7 0.1 
20102880 53.6 38.3 3.8 
20102890 54.2 38.2 3.4 
20102900 53.6 38.9 0.9 
20102910 54.2 38.6 4.1 
20102920 54.3 37.9 4.0 
20102930 54.9 38.3 2.6 
20102940 54.8 38.7 6.8 
20102950 54.2 38.8 1.4 
20102960 53.9 37.9 4.4 
20102970 54.4 38.9 2.7 
20102980 53.8 38.9 1.7 
20102990 54.2 38.9 3.4 
20103000 54.2 39.0 2.9 
20103010 54.4 38.5 1.4 
20103020 54.5 39.2 3.9 
20103030 54.5 39.1 2.3 
20103040 54.1 38.6 5.4 
20103050 55.2 38.8 3.8 
20103060 55.1 38.8 -1.5 
20103070 56.1 38.9 2.0 
20103080 58.3 38.4 12.1 
20103090 58.3 38.7 9.6 
20103100 53.9 38.7 2.7 
20103110 55.3 38.4 4.6 
20103120 54.4 37.4 0.6 
20103130 55.1 38.4 3.1 
20103140 55.6 39.1 3.9 
20103180 55.8 37.8 1.7 
20103190 56.0 38.6 6.2 
20103200 56.3 39.2 2.3 
20103210 56.6 39.3 4.0 
20103220 56.2 39.2 3.7 
20103230 56.4 39.5 -2.1 
20103240 56.4 39.2 4.3 
20103260 56.3 38.3 3.2 
20103290 55.6 39.6 5.0 
20103300 56.4 39.6 5.8 
20103310 55.9 40.3 3.0 
20103320 56.7 41.3 7.3 
20103340 57.3 40.3 2.7 
20103350 57.9 40.9 7.0 
20103360 58.2 41.4 7.2 
20103370 58.8 40.0 8.0 
20103390 59.1 38.7 10.1 
20103400 58.7 37.5 5.4 
20103410 57.9 37.2 5.8 
20103420 58.0 39.8 9.1 
20103430 58.1 41.8 8.7 
20103440 57.0 41.2 7.0 
20103450 56.8 40.1 5.4 
20103460 55.8 40.8 9.6 
20103470 57.1 40.8 6.3 
20103490 57.1 40.6 7.5 
20103500 57.7 40.6 6.9 
20103520 58.2 41.6 11.5 
20103540 57.8 40.9 1.4 
20103550 59.0 39.6 -4.3 
20103560 59.1 40.4 -3.2 
20103570 57.6 39.8 2.5 
20103580 58.7 39.5 1.3 
20103590 59.4 42.0 8.2 
20103600 59.5 40.8 7.9 
20103610 59.4 40.9 10.5 
20103620 59.5 41.6 9.8 
20103640 59.8 42.6 8.0 
20103650 59.7 42.0 2.9 
20110010 57.9 42.2 5.8 
20110020 57.4 42.9 6.0 
20110030 57.8 42.7 3.6 
20110040 58.4 42.6 5.9 
20110050 58.7 41.9 2.4 
20110060 58.3 41.1 1.5 
20110070 58.7 41.2 1.4 
20110080 58.7 41.5 0.3 
20110090 59.0 40.6 1.0 
20110100 59.3 41.4 0.6 
20110110 58.9 41.7 0.2 
20110120 59.3 40.2 1.4 
20110150 59.8 41.2 5.8 
20110160 59.6 41.8 3.0 
20110170 60.2 42.7 -0.9 
20110180 59.3 42.2 3.3 
20110190 60.1 42.3 1.2 
20110200 60.2 42.5 1.9 
20110230 60.1 41.9 4.9 
20110240 60.4 42.0 1.5 
20110260 60.3 42.9 5.1 
20110270 60.1 43.1 3.4 
20110280 60.0 42.4 4.4 
20110290 59.6 43.1 2.4 
20110300 60.4 42.7 1.9 
20110310 60.4 42.8 5.4 
20110320 60.7 42.5 2.4 
20110330 60.6 43.0 3.0 
20110340 60.6 42.8 2.2 
20110350 60.5 42.2 3.5 
20110360 62.1 41.6 3.3 
20110370 61.3 42.7 4.1 
20110390 61.2 42.9 0.3 
20110400 61.1 42.6 3.5 
20110410 61.1 42.3 3.9 
20110420 61.7 44.5 3.8 
20110430 61.0 43.2 4.7 
20110440 61.3 43.1 5.2 
20110450 61.6 42.6 5.0 
20110460 61.1 44.4 5.4 
20110470 62.1 42.0 2.5 
20110490 62.9 41.5 5.4 
20110500 60.9 44.6 3.2 
20110510 61.1 43.1 4.6 
20110540 61.6 44.0 2.2 
20110550 62.1 43.4 1.7 
20110560 62.0 43.4 -0.2 
20110600 62.4 44.1 2.2 
20110610 63.0 44.4 -2.1 
20110620 62.4 43.9 1.6 
20110630 62.4 43.9 -1.0 
20110640 62.7 43.3 0.7 
20110650 62.4 42.7 0.9 
20110660 62.8 45.3 -0.8 
20110670 62.9 43.9 0.6 
20110680 62.9 43.9 -0.7 
20110700 63.1 44.1 -1.1 
20110720 64.1 42.5 2.3 
20110730 63.4 43.1 3.1 
20110740 63.6 44.5 1.2 
20110750 63.7 42.9 -2.3 
20110760 63.9 43.7 -1.0 
20110770 63.4 44.4 -1.0 
20110780 63.6 44.4 0.3 
20110790 63.8 44.4 -0.2 
20110800 64.0 44.8 0.3 
20110810 64.3 44.4 -2.8 
20110830 63.3 44.7 -0.3 
20110840 65.1 44.6 0.1 
20110850 64.1 44.9 -0.9 
20110870 64.4 44.7 -2.6 
20110880 64.5 44.7 -1.0 
20110890 64.6 45.1 2.7 
20110900 64.6 45.0 2.6 
20110910 64.4 43.5 4.7 
20110920 64.9 44.6 -0.2 
20110930 64.6 44.5 1.5 
20110940 64.1 44.8 -4.5 
20110950 64.5 45.3 -2.8 
20110960 64.8 45.3 -0.5 
20110970 65.2 44.9 -1.1 
20110980 65.0 45.0 -0.2 
20111000 65.8 44.7 -0.9 
20111010 66.4 45.2 -0.2 
20111030 64.4 45.0 -0.2 
20111040 64.8 45.4 1.4 
20111050 65.5 44.9 3.1 
20111060 66.1 45.7 -2.2 
20111070 65.6 45.6 -3.4 
20111090 66.0 45.5 -3.3 
20111100 66.6 44.8 -3.4 
20111110 66.8 45.7 -0.4 
20111120 65.6 43.6 3.0 
20111130 68.0 45.4 -3.8 
20111140 65.8 44.0 -4.7 
20111150 69.1 43.7 0.1 
20111160 66.6 45.3 0.2 
20111170 66.2 45.4 -0.2 
20111180 66.5 45.9 -1.6 
20111190 67.3 45.7 4.8 
20111200 66.7 45.1 -0.2 
20111210 66.9 46.0 1.9 
20111220 67.1 45.8 -1.1 
20111230 67.7 45.9 2.0 
20111240 66.6 45.4 1.2 
20111250 67.2 45.7 -2.5 
20111260 67.2 45.6 0.0 
20111270 67.4 46.0 -3.5 
20111280 66.4 46.1 0.7 
20111290 67.5 45.6 -2.9 
20111300 67.7 46.2 -3.0 
20111310 66.8 44.8 -4.6 
20111320 66.6 45.4 -1.9 
20111330 67.9 46.6 1.6 
20111340 68.1 46.5 -2.7 
20111350 66.9 45.9 -2.2 
20111360 67.5 46.3 -2.7 
20111380 67.5 46.5 -3.9 
20111390 68.7 45.3 -0.1 
20111400 69.0 45.8 -0.3 
20111450 68.5 46.5 -1.0 
20111460 67.5 46.9 -4.3 
20111470 67.9 46.1 -1.1 
20111490 68.3 46.6 -2.3 
20111500 68.4 46.2 -4.8 
20111510 67.9 45.6 -0.2 
20111540 67.6 47.5 -1.5 
20111550 68.8 47.5 -3.9 
20111560 69.1 46.4 -6.2 
20111570 68.1 46.0 -4.2 
20111590 69.4 45.0 -2.1 
20111600 68.7 46.4 -1.5 
20111610 68.5 46.3 1.0 
20111620 68.8 47.1 -1.8 
20111630 68.6 46.9 -3.9 
20111640 66.5 45.9 -3.7 
20111650 68.7 47.5 -0.3 
20111660 70.0 47.4 -8.2 
20111670 69.0 46.0 -7.4 
20111680 68.9 47.5 1.3 
20111690 68.4 47.3 -2.0 
20111700 70.1 46.6 5.1 
20111710 69.7 47.6 -1.8 
20111720 71.2 46.7 -1.2 
20111730 70.6 46.2 7.3 
20111740 68.7 47.9 -8.5 
20111750 69.1 47.4 2.2 
20111760 68.2 47.6 -1.9 
20111770 69.5 47.5 -4.3 
20111780 69.1 46.8 0.9 
20111790 70.3 47.0 -2.6 
20111800 69.5 47.8 2.5 
20111810 68.1 48.3 0.1 
20111820 70.5 48.3 -1.7 
20111830 69.3 47.7 -2.6 
20111840 69.1 48.0 -2.0 
20111850 68.1 49.0 1.3 
20111860 69.2 47.3 -2.7 
20111870 69.5 48.0 -3.9 
20111880 70.0 47.8 -1.1 
20111900 71.0 47.6 -5.8 
20111910 69.4 47.6 -1.5 
20111920 71.2 48.3 -2.6 
20111930 71.6 48.3 -1.5 
20111940 72.1 46.8 1.3 
20111950 67.3 47.7 -7.4 
20111960 69.9 49.3 -2.7 
20111970 71.0 48.3 -3.4 
20111990 70.8 48.6 -4.0 
20112000 71.5 48.5 -2.5 
20112010 71.4 48.0 -4.5 
20112020 70.8 48.4 -2.2 
20112030 70.6 48.7 1.9 
20112050 71.4 48.7 -1.3 
20112060 71.4 48.5 -0.6 
20112070 70.3 48.5 -0.6 
20112080 72.2 48.0 0.0 
20112090 71.6 50.5 -1.5 
20112100 71.2 49.1 -3.0 
20112110 71.3 49.1 -2.8 
20112120 72.5 48.9 -1.0 
20112130 71.9 49.5 -2.2 
20112140 70.4 50.2 5.6 
20112150 71.8 49.9 -8.7 
20112160 74.1 52.5 -1.7 
20112170 72.0 50.3 2.0 
20112180 71.4 49.4 -5.6 
20112190 72.3 48.7 -3.5 
20112210 72.4 49.0 0.5 
20112220 72.0 49.6 -1.3 
20112230 72.7 50.1 -8.0 
20112240 72.9 48.5 -2.6 
20112250 71.8 49.9 -3.6 
20112260 72.8 49.9 -0.0 
20112270 73.4 48.6 -0.2 
20112280 73.4 48.2 -1.7 
20112290 73.1 50.7 -1.6 
20112300 71.8 49.2 -3.2 
20112310 73.8 48.5 -6.0 
20112320 73.3 49.1 -5.0 
20112330 73.9 50.4 -6.2 
20112340 73.3 50.3 -2.4 
20112350 74.0 50.2 -8.8 
20112360 73.8 48.2 1.5 
20112370 73.7 48.6 -5.0 
20112380 74.3 50.2 -7.2 
20112390 73.1 49.8 -8.3 
20112400 74.2 49.7 -11.3 
20112410 73.3 50.5 -1.2 
20112420 73.1 50.4 -3.8 
20112430 73.1 49.5 -2.0 
20112440 75.0 50.3 -6.0 
20112450 74.5 50.9 -5.1 
20112460 74.5 49.5 0.2 
20112470 73.8 49.3 3.3 
20112480 73.2 48.8 -2.0 
20112490 74.2 49.9 -4.7 
20112500 74.4 52.1 -1.4 
20112510 75.4 49.8 -0.6 
20112520 73.8 50.9 0.4 
20112530 74.2 51.0 -3.3 
20112540 73.7 50.1 -0.1 
20112550 74.1 49.2 -2.1 
20112560 75.7 50.5 1.5 
20112570 74.2 50.8 -2.7 
20112580 74.5 50.8 -2.5 
20112590 74.3 50.6 -3.6 
20112600 74.9 50.3 -3.5 
20112610 75.4 50.1 -3.3 
20112620 74.2 51.1 -2.8 
20112630 74.4 51.6 -6.0 
20112640 73.9 50.5 -1.4 
20112650 75.3 53.8 2.5 
20112660 74.0 50.9 -0.0 
20112670 75.1 51.2 -5.8 
20112680 74.7 51.3 -2.9 
20112690 75.3 51.9 -3.6 
20112700 74.9 51.7 -5.8 
20112710 75.0 51.9 -1.6 
20112720 74.9 51.1 -2.0 
20112730 74.8 52.7 -4.7 
20112740 75.1 51.5 -2.2 
20112760 75.3 51.2 -4.7 
20112770 75.8 51.8 -6.9 
20112780 74.8 51.2 -5.1 
20112790 77.0 50.9 1.1 
20112800 76.1 52.2 0.3 
20112810 75.1 52.9 -1.5 
20112820 74.9 51.7 -0.8 
20112830 74.8 51.0 -4.3 
20112840 77.9 51.6 5.9 
20112850 75.5 52.0 -1.0 
20112860 74.7 50.9 -3.6 
20112870 75.3 52.1 -1.8 
20112880 75.1 51.7 -1.2 
20112890 74.8 52.2 1.4 
20112920 75.7 52.3 -0.8 
20112950 75.3 52.5 -0.1 
20112960 75.9 52.5 -0.2 
20112980 75.7 51.8 -4.1 
20112990 75.9 51.7 -2.2 
20113010 76.3 52.9 -0.1 
20113020 75.8 52.0 4.3 
20113030 76.0 52.7 1.1 
20113050 76.1 53.4 -0.5 
20113060 76.7 52.5 -0.5 
20113070 76.3 52.8 -1.9 
20113080 76.5 53.1 -1.9 
20113090 76.7 53.4 1.6 
20113110 76.3 51.9 -1.0 
20113150 76.0 53.3 0.3 
20113170 77.1 53.1 -0.7 
20113180 77.1 53.5 1.3 
20113190 77.0 53.1 -1.3 
20113200 77.2 52.9 -0.7 
20113220 77.7 53.8 -6.1 
20113240 77.4 53.4 -2.3 
20113260 77.8 51.8 -2.2 
20113270 77.1 52.8 -4.2 
20113280 78.6 52.5 -6.8 
20113300 77.9 52.5 -8.3 
20113310 79.2 53.4 -1.3 
20113320 77.5 53.7 0.3 
20113330 77.9 53.6 -2.8 
20113340 78.2 53.4 0.1 
20113350 77.6 53.5 -2.6 
20113360 79.4 53.2 -6.6 
20113370 79.0 53.7 -2.6 
20113380 78.3 52.4 -1.9 
20113390 78.1 52.9 -4.0 
20113410 78.2 53.8 -1.8 
20113420 78.0 53.4 -0.1 
20113430 78.8 54.0 1.6 
20113440 78.4 53.5 0.8 
20113450 78.6 53.2 -1.2 
20113470 78.5 53.9 -0.7 
20113480 79.3 54.0 -3.8 
20113490 79.5 54.6 -6.8 
20113500 77.8 52.6 1.0 
20113510 79.3 53.9 2.5 
20113520 80.0 54.1 1.1 
20113530 78.9 54.3 0.0 
20113540 78.9 53.7 -0.9 
20113550 77.8 54.1 1.1 
20113560 78.6 55.1 -3.2 
20113570 79.0 54.7 -4.4 
20113580 79.0 54.1 -0.9 
20113590 80.5 55.5 -6.7 
20113600 80.0 55.1 -7.9 
20113610 79.7 55.4 -6.9 
20113620 79.5 54.8 -4.9 
20113630 81.2 54.7 -1.1 
20113640 80.1 54.8 -2.5 
20113650 79.6 55.3 -4.1 
20120010 80.1 54.5 -3.3 
20120020 80.2 54.6 -3.8 
20120030 80.2 55.9 -4.2 
20120050 77.9 53.8 -4.4 
20120060 79.2 54.6 -5.1 
20120070 80.3 54.2 -6.3 
20120080 78.7 55.3 -5.4 
20120090 79.9 56.0 -2.9 
20120100 80.1 55.1 -4.5 
20120110 80.8 54.8 -6.6 
20120120 79.9 57.0 -5.2 
20120130 81.1 56.1 -5.7 
20120140 80.4 56.2 -6.6 
20120150 80.4 55.6 -3.1 
20120160 81.2 55.7 -4.2 
20120170 80.7 55.3 -4.8 
20120180 80.2 55.0 -2.4 
20120190 80.1 56.5 -6.9 
20120200 80.2 56.5 -5.0 
20120210 80.2 56.0 -7.9 
20120220 80.6 56.5 -7.4 
20120230 80.9 56.5 -0.4 
20120250 81.1 56.0 -2.8 
20120260 81.3 56.9 -2.5 
20120270 81.3 57.2 -4.3 
20120290 81.4 57.2 0.7 
20120300 81.9 57.3 -2.4 
20120310 82.6 57.9 -3.7 
20120320 82.0 58.1 -4.3 
20120330 81.9 57.5 -4.8 
20120340 81.6 57.0 -3.4 
20120350 81.8 57.8 -3.7 
20120360 81.7 57.7 -0.8 
20120370 81.7 57.4 -1.7 
20120410 83.6 57.8 -3.8 
20120430 82.5 57.5 -4.3 
20120440 82.4 57.7 -1.0 
20120450 82.7 57.3 -5.2 
20120470 82.8 58.1 -7.4 
20120530 83.3 58.0 -7.0 
20120540 82.4 57.0 -5.2 
20120550 83.4 57.3 -5.5 
20120560 82.8 57.6 -4.7 
20120570 81.7 58.3 -7.4 
20120580 83.4 57.8 -8.4 
20120590 81.4 58.7 -8.6 
20120600 83.3 58.3 -4.1 
20120610 83.0 57.7 -4.5 
20120620 83.9 57.5 -8.1 
20120630 83.3 57.8 -7.1 
20120640 82.3 58.5 -5.5 
20120650 84.0 57.6 -3.9 
20120660 83.7 58.2 -7.4 
20120670 84.1 58.2 -5.0 
20120680 83.1 58.2 -10.6 
20120690 83.7 57.8 -4.8 
20120700 84.2 58.2 -8.6 
20120710 83.7 58.4 -5.1 
20120720 84.2 56.2 -4.5 
20120730 83.9 57.8 -4.7 
20120740 84.5 58.0 -5.8 
20120750 84.4 58.5 -5.1 
20120760 84.3 58.1 -5.1 
20120770 84.2 57.7 -9.9 
20120780 84.7 57.8 -6.6 
20120790 83.8 58.4 -8.9 
20120800 84.4 58.1 -4.9 
20120810 85.0 59.1 -7.4 
20120820 85.1 58.0 -10.2 
20120830 85.9 59.0 -7.2 
20120840 85.4 57.6 -5.1 
20120850 85.7 58.1 -4.6 
20120860 84.9 59.1 -7.5 
20120880 85.7 58.7 -7.0 
20120890 85.9 59.1 -2.1 
20120900 85.6 60.8 -2.4 
20120910 86.8 58.6 -7.9 
20120920 85.7 60.0 -5.5 
20120930 85.0 58.6 -5.9 
20120940 86.1 58.2 -7.1 
20120950 86.6 59.6 -6.0 
20120960 85.5 59.6 -4.3 
20120970 85.7 58.8 -7.0 
20120980 86.6 59.3 -4.8 
20120990 85.6 60.1 -6.8 
20121000 85.9 59.8 -5.3 
20121030 85.3 59.8 -0.5 
20121040 85.8 59.8 -5.5 
20121050 86.9 58.9 -3.5 
20121060 86.7 59.0 -3.7 
20121070 86.7 59.6 -6.4 
20121080 86.4 59.3 -6.1 
20121090 86.8 59.6 -4.9 
20121100 87.2 59.3 -8.2 
20121110 87.1 59.1 -7.0 
20121120 87.7 59.2 -5.7 
20121130 86.8 59.2 -9.0 
20121140 87.3 60.0 -10.6 
20121150 87.7 59.4 -6.8 
20121160 87.6 60.3 -6.9 
20121170 87.6 59.6 -7.3 
20121190 87.7 58.7 -13.2 
20121200 88.1 58.9 -11.2 
20121210 89.2 59.5 -10.1 
20121230 89.6 59.9 -5.6 
20121240 88.9 60.0 -9.7 
20121250 88.6 59.7 -9.6 
20121260 87.5 60.3 -7.9 
20121270 87.8 60.2 -9.6 
20121280 87.8 60.0 -6.9 
20121290 89.0 59.8 -7.6 
20121300 88.2 59.6 -7.3 
20121310 89.2 59.6 -9.1 
20121320 88.0 59.8 -9.2 
20121330 88.7 59.7 -6.2 
20121340 88.2 59.0 -5.5 
20121350 88.5 60.6 -7.1 
20121360 89.0 59.9 -7.3 
20121370 88.1 60.5 -3.5 
20121380 88.2 60.5 -5.9 
20121390 88.5 61.3 -8.2 
20121400 89.1 61.0 -9.3 
20121410 88.6 60.7 -7.1 
20121420 88.3 59.8 -7.3 
20121430 88.6 60.5 -8.0 
20121440 88.6 61.0 -3.0 
20121450 90.1 61.1 2.2 
20121460 89.6 60.5 -4.0 
20121470 89.4 60.7 -4.4 
20121480 89.3 60.6 -4.3 
20121490 89.6 60.5 -9.7 
20121500 89.5 60.3 -5.8 
20121510 89.0 60.9 -9.7 
20121520 92.4 59.3 -6.8 
20121540 89.5 62.4 -7.1 
20121550 92.2 59.3 -9.2 
20121560 91.7 60.1 -7.2 
20121570 90.5 60.2 -6.0 
20121580 89.7 61.9 -7.2 
20121590 90.1 61.2 -8.4 
20121600 90.7 60.0 -7.0 
20121610 87.1 62.8 -9.7 
20121620 89.7 62.3 -7.5 
20121630 89.2 62.3 -11.1 
20121640 90.7 61.1 -7.4 
20121650 90.4 62.1 -5.6 
20121660 88.9 61.8 -6.7 
20121670 89.7 61.9 -7.6 
20121680 90.8 60.4 -9.3 
20121690 90.8 61.1 -7.9 
20121700 91.3 61.9 -11.0 
20121710 91.6 60.7 -9.0 
20121720 93.5 56.8 -3.8 
20121730 92.7 61.2 -9.5 
20121740 89.7 61.6 -12.9 
20121750 92.5 62.5 -10.2 
20121760 92.1 59.9 -9.0 
20121770 93.1 61.0 -7.6 
20121780 91.2 61.7 -6.4 
20121790 91.8 60.6 -12.0 
20121800 87.6 61.3 -10.2 
20121810 90.9 60.2 -13.8 
20121820 90.9 59.5 -12.0 
20121830 92.2 58.9 -10.4 
20121840 93.7 60.5 -9.1 
20121850 89.9 63.6 -12.6 
20121860 93.4 61.7 -7.8 
20121880 91.4 59.9 -3.3 
20121890 92.7 60.8 -11.4 
20121900 93.1 59.8 -9.3 
20121910 93.1 60.8 -11.9 
20121920 91.2 62.5 -9.6 
20121930 91.8 61.4 -11.8 
20121940 94.0 61.8 -9.4 
20121950 93.1 60.9 -11.4 
20121960 94.2 60.4 -10.5 
20121970 91.6 61.8 -6.1 
20121980 93.3 62.0 -11.9 
20121990 95.6 60.4 -2.0 
20122000 93.7 60.1 -7.1 
20122010 93.1 62.0 -8.1 
20122020 93.2 62.0 -6.6 
20122030 92.5 62.6 -7.0 
20122040 92.6 62.4 -12.0 
20122050 92.9 62.2 -10.0 
20122060 92.6 61.8 -7.5 
20122070 93.2 62.2 -16.1 
20122080 92.5 62.7 -14.2 
20122090 93.3 60.6 -11.9 
20122100 95.2 60.3 -12.3 
20122110 94.7 59.4 -9.5 
20122120 93.8 62.2 -15.8 
20122130 93.4 62.1 -13.3 
20122140 93.5 63.0 -8.2 
20122150 93.9 61.7 -11.5 
20122160 94.0 63.3 -8.4 
20122170 93.6 62.9 -2.7 
20122180 94.5 63.4 -4.1 
20122190 91.8 63.5 -9.3 
20122200 94.0 64.0 -5.4 
20122220 93.0 63.8 -7.5 
20122230 93.7 63.3 -8.4 
20122240 93.9 63.4 -4.9 
20122250 93.5 63.7 -5.7 
20122260 93.3 63.6 -6.1 
20122270 92.8 63.3 -9.0 
20122280 93.4 64.2 -7.7 
20122290 92.5 64.0 -6.7 
20122340 94.4 62.4 -2.0 
20122350 94.3 64.4 -6.3 
20122360 94.8 63.9 -8.9 
20122370 95.1 63.5 -7.0 
20122380 94.8 62.9 -5.4 
20122390 93.9 64.2 -10.0 
20122400 93.6 63.8 -8.6 
20122410 93.7 64.1 -3.8 
20122420 95.0 63.8 -6.7 
20122430 94.8 63.3 -5.2 
20122440 94.4 64.2 -11.5 
20122450 94.0 64.2 -4.7 
20122460 94.9 63.8 -14.6 
20122490 94.6 64.4 -4.5 
20122500 94.7 63.8 -7.7 
20122510 94.8 64.4 -6.8 
20122520 94.1 65.0 -6.0 
20122530 94.8 64.3 -6.6 
20122540 94.9 64.5 -6.7 
20122550 94.0 62.9 -6.3 
20122560 95.4 63.3 -4.7 
20122570 95.2 63.6 -2.7 
20122580 95.8 64.6 -11.5 
20122590 94.6 65.2 -5.3 
20122600 95.1 64.7 -5.8 
20122610 95.2 64.5 -6.4 
20122620 94.9 64.6 -7.9 
20122630 95.2 64.8 -8.7 
20122640 94.8 64.5 -10.3 
20122650 94.7 64.6 -9.4 
20122660 94.0 65.0 -5.9 
20122670 96.0 65.5 -6.2 
20122680 95.4 64.2 -7.6 
20122690 96.6 64.5 -7.5 
20122700 95.2 64.8 -7.1 
20122710 95.3 67.9 -8.0 
20122720 96.1 65.1 -4.0 
20122730 95.6 64.9 -5.7 
20122740 96.5 66.4 -9.1 
20122750 96.6 65.8 -7.5 
20122760 96.2 65.1 -8.7 
20122770 96.4 64.8 -7.3 
20122780 95.5 65.1 -7.2 
20122790 96.5 65.0 -6.5 
20122800 97.2 64.8 -7.3 
20122810 96.8 65.2 -4.5 
20122820 96.5 65.6 -7.6 
20122830 96.6 65.4 -4.2 
20122840 96.5 65.5 -8.9 
20122850 96.4 66.2 -6.8 
20122860 97.0 65.3 -7.8 
20122870 96.2 66.4 -7.0 
20122880 97.1 65.9 -5.8 
20122890 97.2 65.6 -3.7 
20122900 96.4 66.6 -6.6 
20122910 97.3 66.3 -8.6 
20122920 97.4 65.6 -3.2 
20122930 97.1 66.0 -8.9 
20122940 97.2 66.5 -6.9 
20122950 96.9 66.8 -4.3 
20122960 98.1 65.5 -8.5 
20122970 98.2 65.9 -4.9 
20122980 98.2 65.5 -7.1 
20122990 98.1 65.2 -5.3 
20123000 99.5 66.0 -5.0 
20123010 97.5 65.7 -5.4 
20123020 97.4 66.2 -0.5 
20123030 97.6 65.8 -3.0 
20123040 98.1 65.3 -6.4 
20123050 97.8 65.3 -6.4 
20123060 98.4 64.7 -9.0 
20123070 98.8 65.6 -7.0 
20123080 98.2 65.4 -8.1 
20123090 98.1 65.2 -5.0 
20123100 98.9 65.4 -4.8 
20123110 99.2 66.5 -5.8 
20123120 98.1 66.8 -5.3 
20123130 97.4 65.4 -9.1 
20123140 98.6 65.9 -6.8 
20123150 98.7 67.0 -2.4 
20123160 98.4 66.7 -3.8 
20123170 98.9 66.4 -5.0 
20123190 98.5 66.6 -7.3 
20123210 98.8 67.1 -1.0 
20123220 98.8 66.4 -3.5 
20123230 99.1 66.2 -6.3 
20123240 99.1 66.9 -7.5 
20123250 99.0 67.3 -4.3 
20123270 99.1 67.0 -5.7 
20123280 99.1 66.2 -6.3 
20123290 99.5 66.5 -4.0 
20123300 99.4 66.6 -6.1 
20123310 99.7 66.8 -6.5 
20123320 100.0 66.6 -5.3 
20123340 98.3 66.1 -2.1 
20123350 99.7 66.7 -5.6 
20123360 99.7 67.0 -5.1 
20123370 99.8 67.4 -5.1 
20123380 99.1 67.7 -4.5 
20123390 99.1 66.4 -4.1 
20123400 100.3 66.2 -9.7 
20123410 99.7 66.9 -3.8 
20123420 99.0 67.3 -1.3 
20123430 99.5 68.1 -1.0 
20123440 98.2 67.2 -0.7 
20123450 100.3 67.1 -10.1 
20123460 100.2 67.9 -2.9 
20123480 100.3 67.6 -3.4 
20123490 100.3 67.6 -0.6 
20123500 101.1 66.6 -10.4 
20123510 101.8 68.0 -7.5 
20123520 100.6 67.6 -6.7 
20123530 100.1 67.8 -5.2 
20123540 100.2 68.1 -3.5 
20123550 100.2 70.0 -8.6 
20123560 100.7 67.7 -5.2 
20123570 100.3 67.8 -0.1 
20123660 101.6 68.0 -8.6 
20130010 101.7 69.1 -5.4 
20130020 101.2 68.8 -7.8 
20130030 101.2 67.7 -5.3 
20130040 101.1 68.3 -8.1 
20130050 101.2 69.9 -4.6 
20130060 99.9 69.6 -7.0 
20130070 101.7 69.4 -8.1 
20130080 101.9 69.2 -13.1 
20130090 102.0 69.0 -4.9 
20130100 103.1 68.6 -3.7 
20130160 102.1 70.1 -2.4 
20130170 102.7 69.4 -6.4 
20130180 102.9 68.9 -18.1 
20130190 104.0 69.2 -18.7 
20130200 104.8 68.2 -18.1 
20130210 102.4 67.2 -13.2 
20130220 101.0 65.3 -9.1 
20130230 101.0 66.0 -6.7 
20130240 101.3 65.6 -8.0 
20130250 100.7 66.0 -9.5 
20130260 100.1 66.0 -12.0 
20130270 100.4 65.8 -17.3 
20130280 103.8 68.6 -25.1 
20130290 104.4 69.5 -12.4 
20130300 103.4 69.5 -4.6 
20130310 103.4 69.4 -7.4 
20130320 104.7 69.0 -6.1 
20130330 103.3 69.7 -4.6 
20130340 102.4 69.5 -5.3 
20130350 103.6 70.4 -7.9 
20130360 104.2 69.6 -8.4 
20130370 103.4 69.7 -8.1 
20130380 103.0 70.1 -4.6 
20130390 102.3 69.5 -1.9 
20130400 102.1 70.3 -0.8 
20130410 103.6 71.0 1.7 
20130420 102.8 70.9 -2.5 
20130430 103.8 70.8 -2.1 
20130440 103.0 70.8 -0.2 
20130450 103.4 70.9 -3.6 
20130460 104.0 70.4 -6.8 
20130490 104.4 70.5 -7.3 
20130500 103.6 69.8 -5.4 
20130660 105.6 70.5 -10.0 
20130670 105.7 70.6 -6.0 
20130680 105.6 71.0 -7.3 
20130690 104.7 69.1 -0.4 
20130730 105.8 71.7 -4.5 
20130740 105.8 71.8 -3.8 
20130750 106.5 71.0 -6.8 
20130760 106.3 71.5 -5.5 
20130770 107.0 71.3 -1.4 
20130780 105.3 70.1 4.9 
20130790 106.6 71.0 -2.3 
20130800 105.9 71.6 -6.1 
20130810 106.6 71.7 -7.1 
20130820 106.6 71.8 -5.5 
20130830 106.3 71.8 -6.5 
20130840 107.1 72.1 -5.3 
20130850 107.0 71.7 -1.0 
20130860 107.0 71.4 -2.1 
20130870 106.7 72.2 -3.7 
20130880 106.4 72.4 -1.6 
20130890 107.0 72.2 -5.1 
20130900 107.0 71.7 -8.3 
20130910 107.0 72.9 -4.8 
20130920 107.3 72.7 -4.6 
20130930 107.5 72.7 -2.1 
20130950 107.1 72.2 -7.1 
20130960 107.2 72.2 -6.3 
20130970 107.6 72.3 -6.4 
20130980 108.0 72.2 -4.6 
20130990 107.5 72.0 -5.1 
20131000 108.7 72.7 -6.5 
20131010 107.6 72.7 -9.3 
20131020 107.6 72.1 -4.7 
20131030 108.6 72.6 -5.0 
20131050 108.0 72.6 -6.3 
20131060 108.7 73.5 -5.4 
20131070 108.6 72.6 -9.0 
20131080 107.8 72.3 -8.7 
20131090 107.9 73.0 -5.6 
20131100 108.1 72.3 -8.0 
20131110 104.6 71.7 -5.2 
20131120 107.4 70.6 -8.0 
20131130 108.6 73.1 -7.3 
20131140 108.3 73.6 -5.5 
20131150 108.4 72.2 -9.0 
20131160 109.7 72.7 -9.0 
20131170 109.8 72.6 -5.5 
20131180 110.0 72.2 -8.6 
20131190 108.8 72.4 -4.6 
20131210 109.1 73.3 -6.0 
20131220 108.8 72.8 -8.9 
20131230 108.8 73.2 -7.4 
20131240 109.7 73.3 -7.2 
20131250 108.9 73.6 -7.3 
20131260 108.7 73.2 -9.7 
20131270 109.4 72.5 -9.8 
20131290 108.9 73.2 -14.6 
20131640 112.1 74.5 -6.8 
20131650 111.4 73.2 -5.2 
20131660 111.3 74.0 -6.9 
20131670 111.5 73.3 -6.5 
20131680 112.4 75.3 -10.2 
20131690 111.8 73.7 -10.5 
20131700 112.3 73.7 -13.0 
20131720 111.9 74.5 -10.7 
20131730 111.9 74.5 -10.0 
20131740 111.9 74.8 -6.7 
20131750 111.3 75.9 -11.1 
20131760 114.0 75.7 -5.7 
20131770 111.9 74.9 -7.1 
20131780 113.1 74.1 -13.6 
20131790 111.3 75.6 -8.6 
20131800 112.1 75.3 -8.4 
20131810 112.4 75.1 -9.8 
20131820 112.3 74.9 -6.9 
20131830 111.9 75.5 -5.7 
20131840 113.0 73.5 -6.8 
20131850 112.3 75.3 -6.1 
20131860 112.8 76.3 -9.3 
20131870 113.0 75.8 -8.5 
20131880 113.6 74.4 -4.9 
20131890 113.2 76.0 -8.0 
20131900 112.7 75.1 -8.1 
20131910 113.2 75.6 -7.5 
20131920 113.1 77.1 -5.9 
20131930 112.5 75.7 -7.1 
20131940 112.7 75.5 -9.4 
20131950 113.0 75.6 -6.2 
20131960 112.5 76.3 -9.0 
20131970 113.4 76.3 -11.8 
20131980 113.8 76.2 -5.9 
20131990 113.5 75.7 -3.9 
20132000 114.8 74.8 -8.1 
20132010 113.4 75.7 -5.1 
20132020 114.3 76.2 -9.1 
20132030 114.4 74.8 -12.6 
20132040 113.1 75.1 -5.6 
20132060 114.5 74.5 -6.1 
20132070 113.7 76.9 -10.9 
20132080 114.4 76.1 -3.0 
20132090 114.2 74.2 -7.0 
20132100 114.5 76.5 -10.6 
20132110 113.8 75.9 -9.1 
20132120 113.9 75.8 -10.2 
20132130 115.0 75.5 -9.2 
20132140 113.3 74.7 -5.9 
20132150 115.0 75.3 -7.6 
20132160 112.9 77.8 -4.0 
20132170 114.6 76.4 -8.3 
20132180 113.7 75.7 -11.6 
20132190 115.7 77.0 -11.6 
20132200 114.7 76.3 -3.8 
20132210 113.3 77.0 -11.7 
20132220 114.0 76.0 -8.8 
20132230 113.9 76.2 -10.7 
20132240 114.8 75.8 -6.5 
20132260 114.8 76.2 -3.7 
20132270 115.9 76.0 -10.6 
20132280 115.1 77.1 -11.5 
20132290 115.3 78.1 -9.2 
20132300 115.7 75.7 -9.3 
20132310 115.9 75.7 -9.5 
20132330 114.1 76.5 -10.7 
20132340 114.5 77.2 -9.8 
20132350 112.1 74.3 -8.4 
20132360 115.5 76.8 -8.7 
20132370 116.0 77.0 -10.8 
20132380 117.8 76.4 -16.5 
20132390 115.1 77.3 -9.4 
20132400 114.4 77.8 -9.8 
20132420 116.5 77.5 -10.1 
20132430 116.4 76.8 -10.0 
20132440 116.0 77.6 -13.0 
20132450 115.0 77.6 -8.7 
20132460 115.2 76.6 -10.0 
20132470 116.4 78.0 -10.3 
20132480 116.2 77.2 -9.7 
20132490 116.0 77.7 -7.9 
20132500 116.4 78.0 -7.6 
20132510 116.1 78.5 -7.6 
20132520 115.9 78.7 -7.3 
20132530 115.4 78.0 -6.1 
20132540 116.2 77.7 -9.1 
20132550 116.2 77.8 -9.3 
20132560 116.5 77.9 -8.0 
20132570 115.7 77.5 -10.9 
20132580 116.5 77.8 -8.5 
20132590 116.2 78.3 -10.8 
20132600 116.2 78.3 -11.3 
20132610 115.9 78.5 -11.9 
20132620 116.1 77.8 -11.0 
20132630 115.9 78.6 -10.5 
20132640 116.1 78.1 -8.7 
20132650 116.9 79.0 -8.3 
20132660 115.1 79.6 -7.5 
20132670 115.8 79.0 -8.2 
20132680 116.8 78.6 -7.8 
20132690 117.7 78.3 -6.3 
20132700 117.0 78.7 -12.9 
20132710 117.1 76.5 -9.3 
20132720 117.3 79.0 -7.8 
20132730 117.4 78.9 -10.6 
20132740 117.1 78.8 -7.3 
20132750 117.8 79.6 -7.4 
20132760 117.5 79.0 -6.3 
20132770 116.9 79.3 -7.1 
20132780 117.1 79.8 -5.8 
20132790 117.8 78.3 -9.1 
20132800 118.3 79.8 -7.0 
20132810 118.5 80.5 -6.5 
20132820 118.2 79.8 -10.8 
20132830 117.5 79.0 -9.7 
20132840 118.2 79.4 -4.5 
20132850 116.8 79.1 -9.8 
20132860 118.5 79.0 -9.6 
20132870 118.5 78.6 -9.6 
20132880 118.2 78.6 -9.2 
20132890 118.2 79.4 -8.0 
20132900 118.6 79.4 -4.8 
20132910 118.8 79.4 -8.4 
20132920 118.1 78.8 -7.6 
20132930 117.9 79.3 -8.2 
20132940 118.3 79.3 -4.3 
20132950 118.7 80.2 -11.4 
20132960 119.5 79.0 -8.6 
20132970 119.1 79.6 -10.8 
20132980 118.9 79.5 -7.3 
20132990 119.2 78.8 -9.7 
20133000 120.0 79.1 -7.7 
20133010 118.7 79.7 -7.3 
20133020 119.9 79.5 -7.8 
20133030 118.6 80.4 -11.5 
20133040 119.5 80.0 -8.3 
20133050 118.3 80.5 -9.0 
20133060 119.3 80.0 -11.2 
20133070 119.5 80.7 -6.4 
20133080 119.9 79.9 -8.5 
20133090 119.3 80.6 -9.8 
20133100 119.2 80.0 -5.6 
20133110 118.7 85.2 18.4 
20133130 120.2 79.9 -6.5 
20133140 119.7 80.0 -8.3 
20133150 119.7 80.5 -8.3 
20133160 120.0 80.4 -8.2 
20133170 120.1 80.0 -8.3 
20133180 119.4 80.2 -5.8 
20133190 120.2 80.6 -4.5 
20133200 119.1 79.9 -12.6 
20133210 119.8 80.8 -5.2 
20133220 118.8 79.8 -9.3 
20133240 120.3 79.9 -7.3 
20133250 120.2 79.6 -6.5 
20133260 119.9 80.5 -7.9 
20133270 120.5 81.6 -6.1 
20133280 120.3 80.4 -5.7 
20133290 119.8 81.1 -6.0 
20133300 120.0 81.0 -2.7 
20133310 120.1 81.0 -7.9 
20133320 119.1 81.8 -10.5 
20133380 119.3 80.1 -6.5 
20133390 120.2 79.8 -3.8 
20133400 120.5 81.2 -6.7 
20133410 121.0 82.2 -6.8 
20133420 120.7 81.5 -4.6 
20133430 119.5 81.3 -8.5 
20133440 120.5 81.4 -7.6 
20133450 121.2 81.4 -5.2 
20133460 121.2 81.3 -6.4 
20133470 120.9 80.7 -6.9 
20133480 120.9 81.3 -7.5 
20133490 121.0 81.8 -5.0 
20133500 122.0 81.4 -7.8 
20133510 121.5 80.7 -6.8 
20133520 122.5 80.5 -6.8 
20133530 121.9 79.0 -4.9 
20133540 121.9 79.3 -1.3 
20133550 122.9 79.6 -5.1 
20133560 122.1 80.7 -6.1 
20133650 121.8 81.8 -10.7 
20140010 121.9 82.3 -7.0 
20140020 122.0 82.3 -6.6 
20140030 121.6 82.4 -8.0 
20140040 122.2 81.0 -7.5 
20140050 122.1 82.4 -8.4 
20140060 122.3 82.3 -12.0 
20140070 122.4 82.2 -8.2 
20140080 121.9 82.9 -5.9 
20140090 122.4 82.4 -5.8 
20140100 122.7 82.4 -8.5 
20140110 123.7 81.7 -5.0 
20140120 122.7 81.8 -5.1 
20140130 123.3 82.8 -5.7 
20140140 122.7 82.7 -8.6 
20140150 122.8 80.5 -6.7 
20140160 124.4 82.0 -7.5 
20140170 122.8 83.1 -5.7 
20140180 123.2 82.3 -7.4 
20140190 123.3 83.6 -5.4 
20140200 122.8 82.9 -5.3 
20140210 121.5 84.6 -4.3 
20140230 119.4 83.0 3.2 
20140250 119.7 84.2 1.2 
20140260 119.3 82.7 3.6 
20140270 120.6 81.6 1.5 
20140280 120.7 82.3 -0.5 
20140290 121.2 83.5 2.5 
20140300 122.0 82.8 2.1 
20140310 124.1 81.7 2.0 
20140640 126.2 84.9 -8.7 
20140650 126.1 84.7 -10.2 
20140660 126.3 84.9 -9.2 
20140670 126.2 84.5 -6.2 
20140680 126.5 84.7 -8.4 
20140690 126.5 85.5 -8.3 
20140700 127.5 84.8 -9.0 
20140710 127.5 85.2 -7.9 
20140720 126.4 85.0 -6.7 
20140730 126.6 85.1 -6.0 
20140740 127.7 85.9 -4.1 
20140750 125.8 86.3 -4.4 
20140760 126.0 85.4 2.4 
20140770 126.3 85.6 -9.6 
20140780 126.8 85.0 -2.4 
20140800 127.8 84.9 -7.2 
20140810 126.3 85.2 -10.2 
20140820 128.0 85.4 -8.4 
20140830 127.3 85.9 -7.4 
20140840 126.4 86.3 -6.7 
20140850 127.2 85.1 -6.3 
20140860 128.0 85.2 -7.4 
20140870 128.5 85.9 -9.5 
20140880 128.0 85.3 -9.7 
20140890 126.3 85.7 -11.7 
20140900 127.8 86.2 -11.9 
20140910 127.5 88.3 -16.6 
20140920 127.9 85.8 -12.0 
20140930 129.9 84.8 -7.7 
20140940 129.4 85.7 -8.7 
20140950 127.4 86.6 -12.2 
20140960 128.8 85.7 -10.1 
20140980 128.8 86.8 -8.2 
20140990 128.0 86.0 -6.8 
20141020 130.5 85.9 -9.4 
20141030 129.3 86.1 -9.1 
20141040 128.3 86.1 -4.7 
20141060 128.6 87.4 -8.1 
20141070 128.9 86.7 -11.8 
20141090 126.6 85.8 -8.1 
20141100 128.2 86.6 -13.5 
20141110 129.4 85.3 -11.6 
20141120 129.5 86.6 -10.2 
20141150 128.9 87.1 -12.6 
20141160 128.9 86.8 -9.5 
20141170 127.9 86.4 -7.3 
20141180 129.5 86.9 -10.9 
20141190 128.7 86.7 -8.1 
20141210 129.4 87.1 -9.5 
20141220 129.2 87.8 -11.0 
20141230 129.0 87.1 -7.1 
20141240 129.1 87.1 -8.7 
20141250 128.7 87.1 -9.5 
20141260 129.2 87.2 -10.4 
20141270 131.0 87.8 -9.9 
20141310 130.4 88.2 -9.3 
20141320 130.6 87.7 -2.2 
20141330 133.3 87.8 -10.8 
20141340 131.0 87.0 -9.3 
20141350 127.3 85.2 -7.2 
20141360 129.8 86.8 -5.9 
20141370 128.8 87.3 -9.2 
20141380 130.5 87.4 -10.9 
20141390 130.4 88.3 -9.5 
20141400 132.7 87.8 -12.4 
20141410 130.4 86.3 -9.9 
20141420 130.8 87.2 -6.9 
20141430 121.2 88.9 -15.7 
20141440 131.5 87.7 -12.8 
20141450 131.9 86.5 -5.6 
20141470 131.6 87.8 -6.7 
20141480 131.8 87.6 -1.7 
20141490 130.7 87.7 -4.8 
20141500 131.8 87.8 -7.5 
20141510 131.0 87.2 -9.2 
20141520 131.7 88.1 -4.8 
20141530 131.3 89.2 -11.1 
20141540 130.3 88.1 -8.4 
20141550 132.7 87.7 -13.2 
20141560 131.5 87.6 -9.1 
20141570 132.7 87.8 -10.1 
20141580 132.5 86.9 -8.8 
20141600 132.2 88.5 -10.5 
20141610 132.2 88.1 -14.3 
20141620 130.0 88.9 -10.4 
20141630 132.1 88.1 -5.2 
20141640 130.4 86.5 -5.5 
20141650 131.4 89.1 -7.1 
20141660 130.9 88.8 -11.0 
20141670 132.6 88.1 -8.0 
20141680 131.8 88.4 -8.8 
20141700 131.9 88.2 -7.9 
20141710 131.3 88.7 -10.3 
20141720 132.4 89.7 -11.5 
20141740 132.4 89.7 -13.5 
20141750 133.6 88.8 -6.6 
20141760 134.0 88.4 -4.2 
20141770 132.0 88.4 -12.1 
20141780 132.8 88.4 -5.1 
20141790 132.6 88.5 -6.9 
20141800 131.2 88.5 -11.1 
20141820 134.1 88.7 -12.0 
20141840 132.5 88.6 -6.4 
20141850 132.3 88.3 -8.8 
20141860 131.3 88.9 -12.8 
20141870 135.0 88.9 -9.8 
20141880 132.9 90.8 -15.0 
20141900 133.3 88.3 -9.4 
20141920 133.0 89.3 -4.3 
20141930 132.6 87.4 -8.9 
20141940 135.6 88.3 -10.7 
20141950 134.7 90.2 -5.0 
20141960 135.8 88.9 -14.2 
20141970 132.0 93.4 -14.6 
20141980 133.9 89.9 -11.4 
20141990 136.0 88.6 -8.7 
20142000 134.7 88.9 -7.1 
20142010 132.9 88.1 -6.0 
20142020 136.6 89.9 -8.7 
20142030 136.2 91.3 -8.7 
20142040 133.4 90.4 -0.3 
20142050 133.9 89.9 -9.7 
20142060 135.5 88.6 -8.8 
20142070 133.0 89.4 -6.9 
20142080 134.5 89.3 -9.5 
20142090 134.4 89.3 -6.0 
20142100 133.9 89.4 -7.6 
20142110 134.4 90.2 -6.5 
20142120 133.6 89.8 -9.8 
20142130 138.1 88.8 -8.4 
20142140 135.2 88.8 -11.5 
20142150 135.5 90.9 -13.1 
20142160 134.4 88.6 -11.8 
20142170 138.3 89.4 -8.4 
20142180 133.4 90.7 -8.7 
20142210 135.3 90.3 -10.2 
20142220 135.6 90.9 -10.3 
20142230 134.5 89.8 -7.9 
20142240 134.9 90.2 -5.8 
20142250 135.3 90.4 -4.3 
20142280 130.6 91.1 -8.2 
20142290 135.5 90.5 -8.9 
20142300 136.8 91.1 -10.4 
20142310 137.2 90.7 -8.1 
20142320 135.1 91.0 -5.9 
20142330 134.7 91.7 -7.6 
20142340 134.7 92.1 -8.8 
20142360 135.1 90.6 -9.6 
20142380 137.2 91.8 -9.1 
20142390 133.1 91.2 -10.9 
20142680 136.7 92.1 -16.6 
20142690 138.3 90.6 -11.4 
20142700 138.7 92.0 -9.8 
20142710 137.2 91.7 -9.8 
20142730 138.7 93.4 -12.6 
20142740 137.8 92.5 -10.3 
20142760 137.6 92.3 -13.3 
20142770 139.0 92.3 -11.1 
20142780 134.7 92.1 -12.5 
20142790 137.9 92.0 -8.4 
20142800 138.5 92.4 -6.7 
20142820 140.4 89.1 -13.4 
20142830 139.9 92.5 -11.9 
20142840 139.8 91.9 -12.2 
20142850 140.7 92.7 -9.4 
20142860 141.4 92.1 -10.0 
20142870 144.9 92.1 -8.9 
20142880 139.3 92.6 -13.8 
20142890 140.9 93.5 -10.8 
20142900 138.5 92.8 -9.3 
20142920 138.4 92.6 -11.3 
20142930 140.2 94.1 -6.2 
20142940 139.8 93.6 -12.9 
20142950 139.7 93.2 -7.8 
20142960 138.8 92.5 -5.5 
20142970 138.6 92.9 -7.9 
20142980 140.1 93.7 -8.8 
20142990 140.0 93.7 -6.9 
20143000 137.9 93.0 -7.6 
20143020 140.7 93.7 -11.8 
20143030 138.8 94.3 -9.5 
20143040 139.7 94.3 -12.4 
20143050 139.9 93.7 -11.9 
20143060 137.4 93.8 -9.1 
20143070 140.7 93.4 -6.7 
20143080 140.0 93.7 -9.3 
20143090 139.5 92.8 -10.3 
20143100 140.3 93.8 -9.2 
20143110 141.5 93.8 -6.4 
20143120 140.6 93.9 -10.5 
20143130 139.0 95.6 -9.0 
20143140 140.8 93.8 -8.9 
20143150 140.0 93.3 -3.6 
20143170 140.4 94.5 -7.7 
20143180 141.4 92.7 -7.6 
20143190 137.7 92.2 -6.7 
20143200 139.3 92.5 -1.8 
20143210 140.7 94.3 -8.0 
20143220 140.3 94.4 -10.7 
20143320 143.7 92.8 -13.5 
20143330 144.3 90.0 -7.7 
20143340 143.9 90.3 -7.4 
20143350 141.3 92.2 -5.2 
20143360 128.7 95.1 -3.6 
20143370 129.4 96.2 -16.5 
20143380 141.4 93.8 -8.0 
20143390 141.9 95.9 -10.0 
20143400 140.9 94.1 -4.6 
20143410 130.6 96.0 -9.5 
20143420 142.5 94.5 -8.4 
20143460 144.0 95.8 -7.5 
20143470 141.9 95.9 -5.0 
20143490 142.2 95.3 -9.1 
20143500 141.2 94.0 -7.8 
20143510 142.4 95.1 -8.5 
20143520 143.8 95.5 -7.8 
20143540 140.8 96.5 -6.5 
20150150 144.7 95.9 -7.9 
20150160 145.2 96.4 -9.0 
20150170 145.0 96.6 -8.4 
20150180 146.6 96.7 -7.5 
