20022440 0.0 0.0 0.0 
20022510 37.6 -11.6 12.5 
20022580 46.8 -10.3 -30.9 
20022650 90.7 -0.3 -10.1 
20022720 124.5 -6.4 -12.7 
20022790 15.6 22.2 -42.9 
20022860 95.8 39.2 -87.2 
20022930 -61.8 -2.6 10.8 
20023000 136.5 54.3 -62.6 
20023070 -38.3 -36.2 -14.4 
20023100 2.2 15.5 -28.9 
20023140 49.9 -12.4 -25.3 
20023210 46.0 14.1 -45.3 
20023280 -28.0 46.3 -49.7 
20023350 51.2 -35.9 -13.9 
20023520 26.6 11.4 -56.3 
20030010 22.0 -10.5 -57.1 
20031990 90.7 35.2 -109.1 
20032010 83.2 31.1 -66.6 
20032020 17.2 39.2 -36.0 
20033000 112.9 -14.7 22.0 
20042480 147.3 7.6 40.8 
20042490 90.8 48.7 -17.1 
20042560 87.3 -37.0 1.9 
20042590 -47.5 76.5 25.5 
20042630 138.5 40.9 -67.8 
20042680 47.3 87.3 -106.9 
20042700 167.8 22.2 -77.3 
20042770 48.2 38.7 -141.4 
20042840 23.4 53.1 -64.2 
20042910 154.6 32.0 -39.7 
20042980 72.9 86.2 -63.8 
20043050 112.2 22.4 -68.6 
20043120 78.4 36.9 -48.3 
20043190 102.1 20.2 -13.9 
20043260 143.6 0.2 14.2 
20043290 196.5 9.4 -3.5 
20043330 133.6 37.9 4.9 
20043400 134.1 24.6 -84.6 
20043470 61.9 28.7 -13.9 
20043530 256.4 3.6 -65.6 
20043610 135.1 21.7 -98.8 
20050020 24.4 101.9 -40.4 
20050090 29.6 81.5 -46.4 
20050160 137.6 77.2 -55.0 
20050230 101.4 45.2 20.0 
20050300 330.0 70.5 -134.7 
20050370 101.4 74.4 -40.5 
20050440 113.3 69.3 -75.3 
20050510 120.4 12.4 5.1 
20050580 143.3 7.6 -9.4 
20050600 77.9 110.7 -82.6 
20050650 184.5 40.3 12.0 
20050720 123.7 40.4 -49.0 
20050790 99.2 36.2 -12.0 
20050860 97.6 39.9 -19.3 
20050930 131.1 38.9 -82.5 
20051000 172.7 9.8 -50.7 
20051070 164.8 34.6 -105.2 
20051140 171.7 -3.9 30.2 
20051210 155.8 -7.6 32.7 
20051280 243.5 71.6 -69.0 
20051290 175.7 53.0 2.3 
20051350 119.1 -22.2 44.6 
20051420 118.1 63.0 -41.8 
20051490 197.9 19.5 -138.1 
20051560 40.3 30.5 -2.8 
20051630 171.8 25.8 13.4 
20051700 173.1 64.1 -47.0 
20051770 197.1 53.9 -14.8 
20051840 145.8 44.7 -71.2 
20051910 113.8 67.9 -14.9 
20051980 142.3 61.7 -74.0 
20052050 128.2 15.1 -36.4 
20052120 124.6 88.2 -105.9 
20052150 144.3 37.1 -33.6 
20052170 179.1 1.1 -46.6 
20052190 78.2 47.7 -66.1 
20052260 42.8 31.0 -41.2 
20052330 163.5 -14.8 1.5 
20052340 9.6 85.1 -33.8 
20052400 138.2 50.1 51.1 
20052410 166.6 -2.7 54.6 
20052420 113.0 10.4 8.6 
20052470 92.0 47.2 -69.0 
20052540 60.6 34.6 -9.9 
20052590 61.8 -1.1 6.1 
20052610 84.2 25.8 -42.7 
20052640 150.0 37.8 -45.1 
20052860 106.6 -8.1 41.2 
20053010 182.0 36.2 -132.7 
20053020 161.9 72.0 -31.1 
20053490 -91.7 25.1 -41.6 
20053500 -90.9 25.9 -38.1 
20053510 -93.9 24.7 -32.6 
20053520 -93.6 24.6 -35.4 
20053530 -93.9 25.7 -31.6 
20053540 -94.3 24.7 -37.2 
20053550 -94.2 23.3 -32.8 
20053560 -94.9 24.9 -35.9 
20053570 -94.5 22.5 -34.2 
20053580 -95.3 24.6 -35.5 
20053590 -95.5 25.4 -36.0 
20053600 -94.4 26.0 -34.6 
20053610 -93.4 26.8 -33.1 
20053620 -95.3 25.2 -36.0 
20053630 -94.6 25.1 -41.2 
20053640 -95.2 24.6 -40.1 
20053650 -91.2 28.4 -47.4 
20060010 -88.5 27.1 -46.8 
20060020 -94.4 28.0 -36.7 
20060030 -93.2 24.2 -35.5 
20060040 -92.9 26.0 -37.9 
20060050 -94.2 25.3 -35.5 
20060060 -95.8 27.1 -36.4 
20060070 -94.6 26.1 -39.8 
20060080 -94.0 25.6 -36.9 
20060090 -93.5 25.5 -37.2 
20060100 -93.8 25.7 -38.7 
20060110 -93.7 26.1 -36.3 
20060120 -93.7 25.9 -35.3 
20060130 -93.9 25.7 -35.9 
20060140 -93.4 25.6 -38.0 
20060150 -93.3 25.9 -35.1 
20060160 -93.3 25.5 -35.6 
20060170 -93.1 26.2 -37.7 
20060180 -94.7 26.7 -35.9 
20060190 -94.7 25.5 -36.4 
20060200 -92.0 27.3 -36.0 
20060210 -93.1 27.7 -34.0 
20060220 -92.7 27.2 -36.3 
20060230 -92.7 30.2 -32.7 
20060240 -92.5 27.2 -34.9 
20060250 -92.9 26.8 -35.8 
20060260 -92.8 27.0 -34.4 
20060270 -92.4 26.5 -35.2 
20060280 -92.4 26.8 -35.2 
20060290 -92.4 26.6 -34.5 
20060300 -92.0 26.5 -36.6 
20060310 -91.6 26.2 -36.8 
20060320 -91.3 26.1 -36.4 
20060330 -91.9 25.9 -36.6 
20060340 -91.7 27.0 -37.4 
20060350 -92.2 26.4 -38.6 
20060360 -91.9 26.8 -38.0 
20060370 -91.6 27.5 -33.7 
20060380 -91.3 27.4 -35.6 
20060390 -91.5 30.0 -40.3 
20060400 -92.9 29.4 -34.8 
20060410 -90.2 33.7 -39.3 
20060420 -91.5 30.7 -34.1 
20060430 -92.9 29.2 -36.6 
20060440 -91.9 27.8 -38.4 
20060450 -92.3 27.4 -37.4 
20060460 -91.5 27.8 -38.5 
20060470 -90.6 27.9 -38.9 
20060480 -90.4 27.7 -39.6 
20060490 -91.1 27.2 -40.2 
20060500 -91.6 27.8 -37.5 
20060510 -91.3 28.4 -33.8 
20060520 -91.6 36.4 -38.1 
20060530 -94.9 29.9 -34.4 
20060540 -92.9 28.6 -36.3 
20060550 -91.7 29.8 -34.7 
20060560 -91.0 29.8 -35.4 
20060570 -90.9 31.7 -36.8 
20060580 -91.7 31.3 -35.2 
20060590 -91.1 28.2 -37.5 
20060600 -90.8 28.3 -37.9 
20060610 -90.9 28.3 -37.5 
20060620 -91.3 28.6 -36.4 
20060630 -90.5 28.8 -36.1 
20060640 -90.8 28.3 -44.1 
20060650 -90.3 27.5 -41.9 
20060660 -90.9 27.0 -37.4 
20060670 -90.4 27.8 -37.6 
20060680 -89.5 28.6 -39.7 
20060690 -89.2 28.0 -34.9 
20060700 -91.0 27.7 -36.7 
20060710 -90.5 28.2 -43.5 
20060720 -90.5 27.3 -38.4 
20060730 -89.6 28.8 -38.6 
20060740 -89.7 28.2 -36.3 
20060750 -90.2 28.4 -35.6 
20060760 -90.7 28.1 -38.5 
20060770 -90.0 29.0 -36.0 
20060780 -89.4 28.6 -37.2 
20060790 -90.0 28.3 -35.5 
20060800 -87.9 29.0 -28.6 
20060810 -90.2 28.9 -37.9 
20060820 -90.2 29.8 -37.6 
20060830 -89.4 29.6 -35.1 
20060840 -89.3 29.2 -39.2 
20060850 -88.4 29.5 -41.4 
20060860 -89.0 29.2 -36.2 
20060870 -89.8 29.1 -38.9 
20060880 -89.0 28.8 -36.3 
20060890 -88.4 28.8 -40.0 
20060900 -89.4 29.6 -35.3 
20060910 -88.5 29.5 -31.8 
20060920 -88.4 29.8 -38.8 
20060930 -89.2 29.8 -36.4 
20060940 -89.2 30.2 -38.1 
20060950 -88.7 29.9 -34.7 
20060960 -88.7 29.4 -35.9 
20060970 -89.2 31.2 -32.8 
20060980 -88.4 30.4 -34.3 
20060990 -88.2 29.8 -31.0 
20061000 -87.8 29.6 -31.8 
20061010 -88.8 29.1 -30.1 
20061020 -88.6 30.2 -29.0 
20061030 -88.3 30.5 -31.6 
20061040 -87.6 30.5 -28.7 
20061050 -87.5 30.0 -34.1 
20061060 -87.4 29.0 -32.7 
20061070 -87.5 30.6 -32.5 
20061080 -88.3 30.6 -29.9 
20061090 -87.2 30.3 -31.5 
20061100 -88.0 30.1 -28.4 
20061110 -87.1 30.2 -33.2 
20061120 -85.8 30.7 -37.4 
20061130 -86.8 30.6 -33.1 
20061140 -86.1 29.7 -33.1 
20061150 -86.6 30.1 -38.0 
20061160 -86.6 29.4 -39.8 
20061170 -86.8 29.1 -36.4 
20061180 -86.5 30.7 -34.7 
20061190 -87.0 29.8 -35.8 
20061200 -86.9 30.3 -36.3 
20061210 -87.4 30.8 -34.9 
20061220 -87.1 31.2 -37.0 
20061230 -86.2 30.3 -40.6 
20061240 -87.6 30.5 -38.5 
20061250 -87.6 31.6 -40.6 
20061260 -86.7 31.3 -36.5 
20061270 -87.8 31.3 -36.9 
20061280 -86.9 31.2 -37.7 
20061290 -86.1 28.5 -38.2 
20061300 -86.7 30.8 -38.0 
20061310 -86.7 31.0 -36.2 
20061320 -85.9 31.2 -37.6 
20061330 -85.7 30.5 -37.0 
20061340 -86.7 30.8 -35.7 
20061350 -85.4 30.1 -39.3 
20061360 -86.3 28.1 -39.1 
20061370 -86.2 30.3 -36.6 
20061380 -85.4 30.7 -38.1 
20061390 -86.9 30.2 -37.0 
20061400 -85.9 30.6 -35.5 
20061410 -86.2 30.2 -36.1 
20061420 -86.1 31.1 -38.2 
20061430 -86.5 30.2 -33.4 
20061440 -85.1 29.6 -36.8 
20061450 -85.3 31.2 -36.8 
20061460 -86.0 30.5 -36.5 
20061470 -84.2 30.6 -35.1 
20061480 -84.7 30.7 -36.0 
20061490 -85.5 31.0 -39.5 
20061500 -86.1 31.1 -34.5 
20061510 -85.6 30.2 -33.9 
20061520 -85.6 31.2 -34.5 
20061530 -86.3 32.0 -33.9 
20061540 -85.6 30.0 -34.6 
20061550 -84.9 29.6 -39.7 
20061560 -85.4 32.0 -37.2 
20061570 -85.7 32.0 -35.7 
20061580 -85.2 31.7 -35.5 
20061590 -84.6 32.2 -34.3 
20061600 -85.9 31.9 -38.5 
20061610 -85.6 32.6 -38.5 
20061620 -85.5 30.8 -35.8 
20061630 -84.3 30.6 -37.9 
20061640 -85.1 32.1 -42.7 
20061650 -84.5 31.5 -34.7 
20061660 -84.5 30.9 -36.9 
20061670 -83.1 30.6 -31.8 
20061680 -83.4 30.6 -26.2 
20061690 -83.9 32.9 -32.5 
20061700 -84.8 31.5 -38.9 
20061710 -83.3 30.9 -31.9 
20061720 -82.1 31.5 -39.3 
20061730 -80.8 29.7 -33.6 
20061740 -83.4 29.1 -35.0 
20061750 -82.7 29.7 -32.1 
20061760 -83.8 30.1 -34.2 
20061770 -81.6 30.5 -37.7 
20061780 -82.6 30.2 -34.6 
20061790 -83.7 31.4 -32.4 
20061800 -82.2 30.3 -28.3 
20061810 -82.5 29.5 -48.0 
20061820 -83.1 31.1 -32.0 
20061830 -83.5 30.8 -33.4 
20061840 -83.7 32.0 -34.6 
20061850 -82.3 33.3 -38.2 
20061860 -83.5 31.6 -40.4 
20061870 -83.1 30.4 -31.0 
20061880 -81.9 30.6 -34.0 
20061890 -80.3 30.2 -28.6 
20061900 -82.3 28.4 -39.3 
20061910 -82.3 29.9 -38.8 
20061920 -79.9 31.2 -37.2 
20061930 -82.0 31.5 -32.6 
20061940 -81.4 29.5 -25.1 
20061950 -80.3 31.5 -30.4 
20061960 -82.4 31.9 -38.1 
20061970 -81.5 32.5 -33.5 
20061980 -81.7 31.3 -29.4 
20061990 -82.0 31.5 -39.1 
20062000 -81.6 31.2 -37.8 
20062010 -81.7 30.7 -39.4 
20062020 -81.7 31.7 -35.3 
20062030 -81.4 33.0 -32.1 
20062040 -80.9 31.8 -37.4 
20062050 -80.6 30.9 -35.3 
20062060 -80.4 30.2 -38.1 
20062070 -80.6 31.3 -37.9 
20062080 -82.9 31.1 -33.5 
20062090 -81.7 31.9 -43.3 
20062100 -79.7 29.3 -39.3 
20062110 -80.8 32.0 -37.4 
20062120 -79.9 32.2 -34.1 
20062130 -80.2 31.3 -33.9 
20062140 -79.7 32.1 -40.1 
20062150 -79.8 30.7 -38.1 
20062160 -84.9 34.2 -39.2 
20062170 -81.0 31.0 -36.4 
20062180 -81.4 34.2 -41.3 
20062190 -80.2 31.6 -44.6 
20062200 -81.7 30.9 -33.4 
20062210 -82.7 31.5 -39.4 
20062220 -81.2 33.1 -44.5 
20062230 -82.2 32.7 -35.6 
20062240 -81.7 33.2 -36.7 
20062250 -81.4 32.7 -34.8 
20062260 -80.9 33.1 -41.2 
20062270 -81.0 33.3 -38.9 
20062280 -81.9 33.6 -39.4 
20062290 -80.7 32.7 -35.3 
20062300 -79.9 31.9 -41.8 
20062310 -80.1 33.0 -43.8 
20062320 -81.5 33.0 -38.8 
20062330 -80.7 32.5 -34.6 
20062340 -81.1 34.7 -36.3 
20062350 -81.4 33.3 -36.0 
20062360 -80.4 33.4 -40.2 
20062370 -78.3 32.7 -31.4 
20062380 -77.9 32.7 -33.2 
20062390 -78.2 32.8 -28.7 
20062400 -78.1 32.9 -33.6 
20062410 -80.3 34.7 -36.5 
20062420 -81.2 33.8 -34.1 
20062430 -81.1 34.3 -39.0 
20062440 -79.6 33.4 -38.8 
20062450 -80.1 34.7 -38.7 
20062460 -79.1 32.7 -38.6 
20062470 -80.3 33.2 -27.1 
20062480 -81.4 35.1 -38.0 
20062490 -79.1 33.7 -43.5 
20062500 -79.7 33.2 -41.7 
20062510 -80.2 34.1 -35.5 
20062520 -79.2 34.2 -36.9 
20062530 -79.8 34.8 -36.9 
20062540 -80.2 34.5 -38.0 
20062550 -79.5 34.9 -37.8 
20062560 -79.1 34.2 -35.7 
20062570 -80.2 35.4 -40.1 
20062580 -77.3 33.6 -31.0 
20062590 -77.3 34.1 -29.1 
20062600 -77.4 34.7 -28.2 
20062610 -77.2 33.5 -29.3 
20062620 -78.7 35.0 -28.7 
20062630 -79.1 35.4 -35.6 
20062640 -79.1 34.5 -36.1 
20062650 -79.0 33.9 -36.9 
20062660 -78.3 34.8 -40.1 
20062670 -79.2 35.3 -35.8 
20062680 -78.6 35.8 -36.4 
20062690 -78.8 35.2 -37.6 
20062700 -78.3 36.0 -41.0 
20062710 -78.8 35.1 -40.5 
20062720 -78.1 36.1 -36.1 
20062730 -79.5 36.2 -33.5 
20062740 -78.1 34.5 -36.2 
20062750 -78.8 34.5 -31.0 
20062760 -77.9 34.7 -30.3 
20062770 -78.1 36.1 -37.6 
20062780 -78.5 36.2 -41.0 
20062790 -78.0 35.2 -38.4 
20062800 -78.2 35.1 -39.7 
20062810 -78.7 35.5 -37.0 
20062820 -77.6 36.0 -38.7 
20062830 -77.8 36.0 -39.4 
20062840 -77.4 38.0 -40.0 
20062850 -77.9 36.1 -37.6 
20062860 -77.4 36.8 -36.3 
20062870 -78.7 36.0 -39.9 
20062880 -77.9 36.1 -35.0 
20062890 -78.1 35.6 -37.6 
20062900 -77.6 36.4 -37.6 
20062910 -77.3 36.6 -38.2 
20062920 -77.3 36.0 -41.0 
20062930 -77.3 36.2 -35.7 
20062940 -77.2 35.4 -39.0 
20062950 -76.5 37.0 -36.9 
20062960 -76.9 36.5 -39.3 
20062970 -77.2 35.2 -38.3 
20062980 -76.9 36.7 -38.2 
20062990 -76.6 35.9 -38.7 
20063000 -77.3 37.0 -34.9 
20063010 -76.7 37.9 -39.3 
20063020 -77.6 35.8 -41.3 
20063030 -76.5 37.2 -34.5 
20063040 -76.1 36.1 -37.8 
20063050 -76.7 37.6 -35.1 
20063060 -77.3 37.7 -33.6 
20063070 -77.5 37.1 -34.8 
20063080 -78.5 37.3 -37.6 
20063090 -78.5 38.4 -31.4 
20063100 -76.9 35.3 -42.6 
20063110 -75.8 38.2 -37.2 
20063120 -75.8 36.5 -38.6 
20063130 -75.8 36.4 -37.3 
20063140 -77.2 39.0 -37.3 
20063150 -75.8 37.7 -38.5 
20063160 -75.6 36.6 -36.5 
20063170 -76.4 37.3 -35.9 
20063180 -75.7 36.8 -36.5 
20063190 -76.3 37.5 -42.4 
20063200 -75.5 35.0 -42.4 
20063210 -74.5 38.0 -37.8 
20063220 -75.6 36.7 -34.3 
20063230 -75.7 38.0 -39.7 
20063240 -75.9 36.7 -36.7 
20063250 -75.2 38.2 -36.4 
20063260 -75.6 36.8 -34.9 
20063270 -74.8 37.3 -46.7 
20063280 -74.5 37.5 -43.4 
20063290 -74.4 36.5 -38.2 
20063300 -74.7 37.5 -34.0 
20063310 -75.6 38.2 -36.0 
20063320 -74.8 39.0 -36.7 
20063330 -74.6 38.6 -35.4 
20063340 -74.9 37.6 -37.9 
20063350 -75.1 37.8 -36.2 
20063360 -74.7 38.1 -35.6 
20063370 -74.4 36.4 -37.2 
20063380 -74.6 39.6 -36.7 
20063390 -74.6 37.9 -37.2 
20063400 -74.8 38.1 -35.7 
20063410 -74.6 38.8 -33.9 
20063420 -75.4 38.2 -37.5 
20063430 -74.7 38.8 -34.5 
20063440 -75.3 38.3 -38.6 
20063450 -74.3 38.8 -39.1 
20063460 -73.8 39.1 -41.9 
20063470 -74.3 39.4 -38.6 
20063480 -74.3 38.6 -40.9 
20063490 -73.5 38.5 -38.4 
20063500 -73.2 38.0 -36.0 
20063510 -73.5 39.5 -35.4 
20063520 -73.4 38.2 -34.7 
20063530 -73.5 38.9 -31.4 
20063540 -73.7 38.9 -34.0 
20063550 -74.4 38.5 -36.1 
20063560 -73.7 39.6 -33.8 
20063570 -73.7 39.2 -37.2 
20063580 -73.9 38.6 -34.5 
20063590 -73.6 38.8 -35.9 
20063600 -73.1 38.6 -36.1 
20063610 -73.6 38.4 -35.8 
20063620 -73.0 39.5 -32.6 
20063630 -71.6 39.1 -41.2 
20063640 -73.5 39.1 -36.9 
20063650 -72.1 38.4 -34.3 
20070010 -73.2 38.1 -39.9 
20070020 -73.1 39.2 -36.7 
20070030 -73.7 40.0 -36.3 
20070040 -72.9 38.1 -34.2 
20070050 -73.5 39.1 -36.1 
20070060 -73.2 39.1 -34.3 
20070070 -73.1 39.4 -35.2 
20070080 -72.6 39.5 -36.2 
20070090 -72.1 40.6 -34.7 
20070100 -72.8 38.8 -31.4 
20070110 -74.3 39.0 -36.2 
20070120 -72.5 39.2 -38.3 
20070130 -69.7 39.6 -33.3 
20070140 -73.0 41.0 -32.7 
20070150 -72.0 38.9 -36.2 
20070160 -72.3 38.8 -36.2 
20070170 -71.8 39.1 -38.7 
20070180 -74.0 38.1 -34.2 
20070190 -70.7 39.0 -30.8 
20070200 -71.0 39.2 -32.2 
20070210 -71.7 39.4 -32.3 
20070220 -72.4 40.3 -31.7 
20070230 -72.8 42.5 -30.6 
20070240 -76.0 45.7 -41.0 
20070250 -74.3 40.5 -42.6 
20070260 -74.2 40.5 -43.1 
20070270 -73.8 41.4 -40.1 
20070280 -72.8 40.7 -37.9 
20070290 -71.8 40.4 -39.5 
20070300 -71.6 40.5 -35.4 
20070310 -72.1 40.3 -37.6 
20070320 -70.2 39.6 -37.7 
20070330 -71.5 40.6 -37.8 
20070340 -70.5 41.3 -37.1 
20070350 -72.1 40.8 -34.7 
20070360 -71.1 40.4 -36.4 
20070370 -71.2 41.1 -35.5 
20070380 -69.5 41.6 -38.8 
20070390 -71.3 40.0 -34.1 
20070400 -71.6 42.8 -34.4 
20070410 -70.8 40.9 -35.3 
20070420 -70.8 41.3 -36.6 
20070430 -70.1 40.9 -36.7 
20070440 -70.7 40.9 -36.4 
20070450 -71.1 40.9 -37.8 
20070460 -70.8 41.8 -36.1 
20070470 -70.6 41.7 -37.3 
20070480 -68.7 42.8 -33.6 
20070490 -71.0 43.0 -36.3 
20070500 -70.2 42.1 -38.2 
20070510 -70.0 41.6 -38.3 
20070520 -70.2 41.7 -37.0 
20070530 -69.9 42.0 -35.9 
20070540 -70.3 42.2 -34.2 
20070550 -70.7 42.1 -36.6 
20070560 -69.6 41.6 -37.1 
20070570 -70.6 45.0 -43.3 
20070580 -70.1 43.3 -35.8 
20070590 -70.0 41.8 -38.7 
20070610 -70.3 42.1 -36.3 
20070620 -69.3 42.2 -38.0 
20070630 -69.9 42.9 -34.7 
20070640 -70.0 42.6 -37.0 
20070650 -68.7 42.3 -36.6 
20070660 -69.0 42.5 -37.0 
20070670 -69.2 42.0 -34.7 
20070680 -69.3 43.1 -37.1 
20070690 -69.4 42.4 -36.0 
20070700 -69.0 42.0 -39.0 
20070710 -68.9 42.6 -37.7 
20070720 -69.0 42.8 -40.3 
20070730 -68.6 42.1 -39.5 
20070750 -68.4 43.3 -37.9 
20070760 -69.0 43.2 -35.3 
20070770 -67.6 42.7 -36.4 
20070780 -69.1 43.4 -36.6 
20070800 -68.7 39.1 -45.9 
20070810 -68.4 42.9 -38.2 
20070820 -68.8 42.7 -34.8 
20070830 -67.9 42.2 -35.5 
20070840 -68.4 43.0 -35.3 
20070850 -68.9 42.5 -34.3 
20070870 -68.1 43.3 -35.9 
20070880 -68.3 43.1 -36.1 
20070890 -68.0 42.8 -36.2 
20070900 -67.9 43.0 -38.3 
20070910 -68.1 43.5 -38.9 
20070960 -67.0 43.9 -36.0 
20070970 -66.9 43.9 -34.2 
20070980 -66.8 44.5 -35.4 
20070990 -67.3 44.0 -37.7 
20071000 -66.7 43.0 -33.9 
20071010 -67.1 43.9 -37.2 
20071020 -67.1 43.1 -37.0 
20071030 -67.3 43.6 -36.2 
20071040 -66.7 43.9 -37.2 
20071050 -67.5 43.3 -32.1 
20071060 -66.1 44.0 -35.6 
20071070 -66.9 43.2 -36.6 
20071080 -66.5 43.9 -34.2 
20071090 -66.4 44.4 -36.0 
20071100 -66.6 44.9 -33.0 
20071110 -66.8 43.4 -36.0 
20071120 -66.5 44.1 -35.6 
20071130 -66.1 43.8 -36.6 
20071140 -67.1 43.2 -38.3 
20071150 -66.4 43.9 -35.6 
20071160 -66.1 44.0 -37.9 
20071170 -65.9 44.6 -34.6 
20071180 -65.9 44.4 -36.1 
20071190 -65.4 44.8 -30.4 
20071200 -66.1 43.9 -32.1 
20071210 -65.9 44.7 -37.7 
20071230 -66.2 44.0 -36.8 
20071240 -66.5 44.3 -36.9 
20071250 -65.9 45.3 -33.4 
20071260 -65.4 44.7 -36.0 
20071270 -65.1 44.3 -32.7 
20071280 -65.4 43.7 -32.7 
20071290 -65.6 45.4 -31.4 
20071300 -65.7 44.5 -32.2 
20071310 -65.0 44.7 -31.8 
20071320 -66.0 44.7 -35.4 
20071330 -65.7 44.0 -32.8 
20071340 -64.8 43.5 -33.0 
20071350 -65.0 42.9 -31.1 
20071360 -65.4 44.2 -33.4 
20071370 -66.4 44.7 -37.5 
20071380 -65.7 44.2 -36.0 
20071390 -65.0 45.1 -34.6 
20071400 -64.3 45.1 -31.5 
20071410 -64.3 44.0 -34.4 
20071420 -65.8 45.0 -25.9 
20071430 -62.8 42.5 -30.3 
20071450 -63.8 41.9 -29.3 
20071460 -63.4 43.4 -40.1 
20071470 -64.7 42.6 -33.0 
20071480 -63.2 44.1 -30.1 
20071490 -62.9 43.2 -33.3 
20071500 -63.9 44.3 -34.8 
20071510 -64.7 44.0 -32.5 
20071520 -62.6 43.6 -32.0 
20071530 -63.8 45.3 -33.9 
20071540 -62.7 44.5 -27.5 
20071550 -63.6 43.7 -29.3 
20071560 -63.4 45.2 -36.3 
20071570 -63.1 45.8 -38.1 
20071580 -63.7 44.8 -36.1 
20071590 -62.6 42.5 -40.8 
20071600 -63.6 43.5 -41.2 
20071610 -64.1 43.0 -38.7 
20071620 -63.6 43.5 -30.4 
20071630 -62.0 44.6 -35.2 
20071640 -63.6 44.3 -38.4 
20071650 -62.7 45.2 -34.0 
20071660 -62.2 44.3 -32.7 
20071670 -62.8 44.7 -34.8 
20071680 -62.2 43.3 -33.1 
20071690 -61.8 45.1 -36.3 
20071700 -62.4 42.7 -25.5 
20071710 -62.4 45.7 -39.2 
20071720 -61.4 46.3 -36.2 
20071730 -61.8 43.6 -28.9 
20071740 -62.5 45.0 -36.1 
20071750 -61.0 44.8 -31.7 
20071760 -63.1 45.2 -36.5 
20071770 -61.7 43.6 -35.9 
20071780 -61.1 45.8 -35.2 
20071790 -62.3 44.7 -32.0 
20071800 -62.3 44.9 -34.7 
20071810 -63.3 46.0 -31.3 
20071820 -61.2 45.8 -32.2 
20071830 -61.4 45.5 -41.8 
20071840 -61.8 45.2 -32.7 
20071850 -62.2 44.8 -32.6 
20071860 -61.7 45.9 -40.0 
20071870 -61.7 45.3 -37.4 
20071880 -61.6 45.2 -33.6 
20071890 -61.8 47.5 -32.4 
20071900 -61.8 46.1 -32.1 
20071910 -62.1 45.9 -35.1 
20071920 -62.6 44.8 -38.1 
20071930 -62.2 46.4 -34.3 
20071940 -62.0 46.2 -37.1 
20071950 -61.1 46.0 -29.9 
20071960 -62.8 46.7 -35.0 
20071970 -60.9 46.5 -39.4 
20071980 -59.8 47.7 -40.9 
20071990 -60.3 44.8 -25.2 
20072000 -58.8 43.7 -30.1 
20072010 -59.5 47.2 -39.8 
20072020 -59.1 44.6 -28.2 
20072030 -60.7 45.0 -32.7 
20072040 -59.9 45.9 -32.6 
20072050 -59.7 47.2 -28.8 
20072060 -61.3 46.9 -35.6 
20072070 -59.0 45.9 -29.7 
20072080 -59.7 45.3 -33.2 
20072090 -59.2 45.0 -33.7 
20072100 -58.9 46.0 -35.7 
20072110 -60.1 46.4 -35.6 
20072120 -60.2 46.6 -37.5 
20072130 -60.3 46.9 -35.3 
20072140 -60.2 46.8 -35.9 
20072150 -60.2 46.7 -35.9 
20072160 -59.5 47.0 -35.6 
20072170 -60.0 46.7 -37.0 
20072180 -60.1 46.8 -35.3 
20072190 -60.8 48.0 -36.1 
20072200 -58.9 46.2 -33.0 
20072210 -59.3 47.4 -32.2 
20072220 -58.9 48.5 -33.4 
20072230 -59.5 47.7 -35.4 
20072240 -58.8 47.4 -33.5 
20072250 -59.3 45.8 -32.6 
20072260 -60.5 47.6 -34.4 
20072270 -59.6 47.1 -35.7 
20072280 -59.6 45.9 -33.8 
20072290 -58.7 46.0 -32.1 
20072300 -59.2 45.7 -36.0 
20072310 -58.5 46.2 -34.0 
20072320 -60.3 48.1 -31.6 
20072330 -58.8 48.6 -33.3 
20072340 -58.0 46.9 -34.0 
20072350 -59.2 46.8 -34.3 
20072360 -58.4 48.3 -34.7 
20072370 -58.2 45.8 -36.2 
20072380 -57.5 47.5 -33.6 
20072390 -57.4 47.5 -30.4 
20072400 -58.7 48.3 -30.4 
20072410 -58.3 47.3 -30.7 
20072420 -57.8 47.4 -37.6 
20072430 -57.9 47.7 -37.2 
20072440 -58.1 48.4 -39.0 
20072450 -58.8 47.3 -36.4 
20072460 -58.1 47.8 -36.5 
20072470 -59.7 47.5 -34.9 
20072480 -59.6 48.2 -37.2 
20072490 -59.1 48.4 -37.8 
20072500 -57.5 47.0 -35.1 
20072510 -57.8 49.4 -32.9 
20072520 -60.5 49.0 -35.5 
20072530 -58.6 48.0 -35.3 
20072540 -59.4 48.7 -36.5 
20072550 -59.0 48.6 -35.5 
20072560 -58.2 47.4 -39.0 
20072570 -57.5 48.7 -37.7 
20072580 -59.8 47.9 -37.0 
20072590 -58.2 48.4 -41.9 
20072600 -58.0 48.6 -34.5 
20072610 -58.1 48.7 -37.6 
20072620 -58.2 48.7 -36.4 
20072630 -58.4 49.4 -41.2 
20072640 -57.4 49.4 -38.6 
20072650 -58.1 48.4 -42.0 
20072660 -57.7 48.9 -42.7 
20072670 -57.2 48.9 -38.0 
20072680 -57.2 49.2 -38.7 
20072690 -56.9 48.9 -33.1 
20072700 -57.7 49.0 -36.0 
20072710 -57.3 48.9 -38.9 
20072720 -57.5 49.3 -37.5 
20072730 -57.5 50.1 -38.9 
20072740 -57.0 50.0 -38.4 
20072750 -57.0 49.3 -37.8 
20072760 -57.6 49.4 -36.6 
20072770 -58.0 49.8 -35.8 
20072780 -57.1 49.7 -42.2 
20072790 -56.7 49.4 -37.4 
20072800 -56.6 48.9 -39.8 
20072810 -56.5 49.3 -36.6 
20072820 -56.7 49.0 -42.8 
20072830 -56.8 49.9 -33.2 
20072840 -56.4 49.8 -41.2 
20072850 -57.1 50.5 -35.8 
20072860 -56.5 50.1 -40.2 
20072870 -56.4 50.2 -40.3 
20072880 -55.7 50.6 -39.9 
20072890 -56.1 50.2 -37.9 
20072900 -55.8 49.9 -39.5 
20072910 -56.6 50.7 -34.5 
20072920 -57.0 51.4 -38.0 
20072930 -58.2 49.4 -40.7 
20072940 -56.4 51.0 -36.5 
20072950 -57.2 51.0 -35.5 
20072960 -56.9 50.9 -33.7 
20072970 -56.2 50.2 -34.4 
20072980 -56.4 50.3 -41.8 
20072990 -55.9 50.9 -37.7 
20073000 -55.4 50.7 -37.6 
20073010 -56.0 50.3 -35.9 
20073020 -55.9 51.0 -39.5 
20073030 -55.3 50.4 -38.4 
20073040 -55.8 50.5 -40.6 
20073050 -55.3 50.9 -39.3 
20073060 -55.3 50.8 -35.8 
20073070 -55.4 49.8 -36.4 
20073080 -54.9 49.3 -38.5 
20073090 -55.0 50.3 -40.1 
20073100 -55.5 51.2 -36.5 
20073110 -55.8 52.0 -40.2 
20073120 -54.9 51.2 -38.9 
20073130 -55.2 51.2 -36.3 
20073140 -54.2 50.0 -42.5 
20073150 -54.3 53.1 -36.7 
20073160 -53.5 50.9 -34.0 
20073170 -55.8 49.8 -36.1 
20073180 -56.9 48.8 -36.3 
20073190 -57.3 48.9 -34.4 
20073200 -56.1 49.9 -37.8 
20073210 -55.0 50.8 -39.6 
20073220 -55.9 54.9 -38.5 
20073230 -59.0 53.2 -41.8 
20073240 -54.8 51.2 -38.1 
20073250 -54.3 51.5 -35.3 
20073260 -54.3 52.1 -35.9 
20073270 -54.2 51.7 -35.2 
20073280 -54.8 52.1 -36.1 
20073290 -53.5 52.1 -38.1 
20073300 -54.3 51.8 -38.0 
20073310 -53.4 52.1 -43.7 
20073320 -54.2 52.3 -36.7 
20073330 -54.2 52.2 -36.7 
20073340 -53.7 52.4 -41.0 
20073350 -54.1 52.6 -36.2 
20073360 -54.0 52.5 -39.3 
20073370 -54.6 51.9 -38.1 
20073380 -54.6 52.5 -39.9 
20073390 -53.5 52.4 -39.0 
20073400 -52.9 52.3 -40.1 
20073410 -52.1 52.3 -39.7 
20073420 -53.6 52.6 -38.0 
20073430 -53.3 52.6 -38.8 
20073440 -54.5 52.8 -38.9 
20073450 -53.7 52.6 -39.6 
20073460 -53.3 51.5 -34.8 
20073470 -53.5 52.5 -37.4 
20073480 -54.2 53.3 -40.3 
20073490 -53.6 52.5 -39.9 
20073500 -53.5 51.8 -40.2 
20073510 -53.5 52.1 -39.1 
20073520 -53.4 53.6 -38.3 
20073530 -53.5 53.6 -37.2 
20073540 -52.8 52.7 -39.2 
20073550 -52.8 52.4 -37.6 
20073560 -52.9 52.7 -37.7 
20073570 -52.6 53.3 -37.3 
20073580 -53.0 53.2 -41.7 
20073590 -52.8 53.5 -39.5 
20073600 -52.2 53.3 -39.9 
20073610 -52.7 53.6 -40.5 
20073620 -51.7 53.5 -39.5 
20073630 -51.6 52.9 -38.9 
20073640 -51.0 54.3 -37.6 
20073650 -51.2 54.3 -40.0 
20080010 -51.1 53.8 -38.7 
20080020 -51.9 53.9 -38.5 
20080030 -52.6 54.0 -40.5 
20080040 -51.9 53.9 -40.7 
20080050 -51.9 53.8 -39.9 
20080060 -52.0 55.3 -44.6 
20080070 -51.9 56.9 -47.4 
20080080 -51.7 54.6 -42.5 
20080090 -51.0 53.3 -42.6 
20080100 -51.2 54.4 -41.9 
20080110 -51.4 53.7 -43.5 
20080120 -51.2 53.6 -41.0 
20080130 -51.6 54.3 -40.0 
20080140 -51.7 54.1 -41.2 
20080150 -50.8 53.9 -41.5 
20080160 -51.2 54.2 -41.4 
20080170 -50.7 54.5 -38.2 
20080180 -51.0 54.0 -42.8 
20080190 -50.2 54.5 -37.8 
20080200 -51.5 55.3 -34.1 
20080210 -51.0 53.9 -39.7 
20080220 -50.9 53.7 -36.7 
20080230 -50.4 53.9 -40.7 
20080240 -50.0 53.8 -40.0 
20080250 -50.7 54.8 -37.4 
20080260 -50.4 54.2 -35.3 
20080270 -47.5 52.5 -40.8 
20080280 -50.2 54.7 -36.4 
20080290 -50.2 54.4 -39.3 
20080300 -49.9 55.2 -38.3 
20080310 -50.1 54.9 -35.6 
20080320 -49.4 54.8 -41.5 
20080330 -50.2 55.1 -38.7 
20080340 -49.9 54.9 -38.1 
20080350 -49.4 55.1 -39.1 
20080360 -49.4 54.9 -40.1 
20080370 -49.6 54.6 -32.3 
20080380 -48.7 55.5 -39.2 
20080390 -48.9 54.8 -35.4 
20080400 -49.5 54.9 -39.8 
20080410 -49.3 55.3 -37.7 
20080420 -49.0 55.1 -38.2 
20080430 -49.3 55.1 -40.8 
20080440 -49.0 55.4 -38.3 
20080450 -49.4 55.1 -38.3 
20080460 -49.8 55.8 -40.0 
20080470 -49.6 55.5 -39.0 
20080480 -49.4 56.1 -39.7 
20080490 -48.9 54.7 -38.8 
20080500 -49.0 55.9 -38.4 
20080510 -49.0 55.8 -39.8 
20080520 -49.3 55.8 -37.2 
20080530 -48.9 55.4 -38.6 
20080540 -48.0 55.6 -38.8 
20080550 -47.9 55.6 -37.7 
20080560 -48.2 56.3 -39.6 
20080570 -48.0 55.4 -40.6 
20080580 -48.6 56.0 -36.0 
20080590 -47.4 55.5 -38.3 
20080600 -48.0 55.8 -38.7 
20080610 -48.3 55.0 -37.4 
20080620 -48.9 55.0 -35.7 
20080630 -48.5 55.8 -31.5 
20080640 -48.2 56.0 -35.2 
20080650 -48.5 56.1 -36.4 
20080660 -48.0 56.7 -38.6 
20080670 -47.6 55.5 -38.8 
20080680 -48.2 56.1 -36.0 
20080700 -47.7 56.2 -40.5 
20080710 -47.4 56.3 -41.3 
20080720 -47.4 55.4 -39.2 
20080730 -47.2 57.8 -39.4 
20080740 -46.8 56.7 -40.0 
20080750 -46.8 55.8 -39.1 
20080760 -47.2 56.7 -38.9 
20080770 -46.5 57.1 -36.2 
20080780 -47.8 57.1 -37.1 
20080790 -47.6 56.6 -37.2 
20080800 -46.4 57.7 -38.7 
20080810 -47.2 57.5 -37.0 
20080820 -47.0 56.8 -35.0 
20080830 -46.7 57.2 -38.1 
20080840 -46.3 56.7 -37.3 
20080850 -47.1 57.6 -35.5 
20080860 -47.0 58.1 -35.1 
20080870 -47.0 57.6 -37.9 
20080880 -46.9 57.7 -38.3 
20080890 -46.6 57.8 -37.5 
20080900 -46.6 57.0 -38.6 
20080910 -45.9 58.0 -38.3 
20080920 -47.1 57.7 -38.7 
20080930 -46.3 58.4 -39.3 
20080940 -45.9 57.9 -38.8 
20080950 -46.2 57.6 -36.5 
20080960 -46.1 57.7 -37.1 
20080970 -45.9 58.0 -36.8 
20080980 -46.2 57.6 -37.4 
20080990 -46.2 58.4 -35.7 
20081000 -45.8 57.7 -37.9 
20081010 -45.2 57.0 -34.6 
20081020 -45.0 57.8 -36.0 
20081030 -46.0 57.0 -37.5 
20081040 -45.6 57.6 -37.7 
20081050 -45.4 58.2 -36.1 
20081060 -45.9 57.0 -36.4 
20081070 -45.4 57.8 -36.4 
20081080 -45.4 57.4 -39.0 
20081090 -45.7 58.7 -34.9 
20081100 -45.0 57.7 -33.0 
20081110 -45.2 58.0 -35.2 
20081120 -44.7 58.4 -33.7 
20081130 -44.4 57.8 -33.8 
20081140 -43.6 59.3 -39.5 
20081150 -45.6 59.7 -36.4 
20081160 -45.7 57.8 -36.9 
20081170 -45.2 58.6 -37.1 
20081180 -43.8 56.8 -40.8 
20081190 -43.7 57.6 -37.5 
20081200 -43.9 59.1 -27.9 
20081210 -44.1 58.1 -38.9 
20081220 -44.0 58.3 -39.4 
20081230 -45.1 58.1 -35.8 
20081240 -44.2 58.7 -37.4 
20081250 -45.0 58.0 -41.0 
20081260 -44.8 59.5 -35.2 
20081270 -45.0 58.8 -36.2 
20081280 -44.3 59.2 -31.8 
20081290 -44.9 58.4 -37.2 
20081300 -43.5 58.6 -34.0 
20081310 -44.5 60.1 -36.6 
20081320 -43.7 58.6 -39.4 
20081330 -43.6 57.9 -37.3 
20081340 -42.8 58.0 -38.3 
20081350 -44.9 57.3 -31.4 
20081360 -44.0 58.4 -36.0 
20081370 -44.1 59.0 -34.4 
20081380 -44.3 59.5 -34.0 
20081390 -43.3 58.2 -32.5 
20081400 -44.1 59.3 -34.4 
20081410 -43.5 58.2 -34.0 
20081420 -42.9 59.2 -38.5 
20081430 -252.7 -69.7 522.4 
20081440 -43.3 57.5 -39.7 
20081450 -42.5 58.8 -41.0 
20081460 -42.5 58.8 -40.3 
20081470 -42.9 59.2 -39.0 
20081480 -42.2 58.9 -36.3 
20081490 -42.3 59.4 -35.7 
20081500 -42.7 59.4 -39.0 
20081510 -42.4 57.6 -37.2 
20081520 -42.5 58.2 -37.7 
20081530 -40.9 58.6 -37.9 
20081540 -42.0 59.6 -38.1 
20081550 -40.2 57.6 -34.1 
20081560 -41.9 59.6 -28.3 
20081570 -42.4 57.9 -45.6 
20081580 -41.9 59.2 -36.4 
20081590 -41.0 58.7 -30.4 
20081600 -42.0 58.5 -41.5 
20081610 -39.4 58.9 -37.4 
20081620 -43.3 57.7 -36.7 
20081630 -40.7 58.0 -38.3 
20081640 -41.9 58.4 -36.5 
20081650 -40.7 59.3 -37.8 
20081660 -42.8 59.3 -38.6 
20081670 -41.9 59.6 -36.3 
20081680 -41.8 59.7 -36.3 
20081690 -40.8 59.6 -34.8 
20081700 -40.7 59.9 -33.8 
20081710 -41.0 60.1 -35.8 
20081720 -40.2 60.2 -35.5 
20081730 -41.5 59.7 -35.7 
20081740 -41.6 59.5 -44.4 
20081750 -39.5 59.1 -39.1 
20081760 -40.5 58.2 -31.6 
20081770 -40.4 59.2 -38.5 
20081780 -41.2 59.7 -37.8 
20081790 -40.5 60.2 -35.9 
20081800 -40.5 58.8 -37.0 
20081810 -41.0 59.1 -37.5 
20081820 -41.2 59.3 -32.5 
20081840 -40.5 58.1 -41.4 
20081850 -39.9 58.9 -32.0 
20081860 -39.1 59.1 -43.0 
20081870 -40.3 59.1 -42.3 
20081880 -38.8 59.4 -29.6 
20081890 -39.2 60.2 -35.7 
20081900 -39.5 58.6 -34.0 
20081910 -40.0 59.8 -33.6 
20081920 -40.3 59.8 -36.9 
20081930 -40.2 59.1 -36.9 
20081940 -38.7 57.9 -33.6 
20081950 -39.7 58.5 -39.8 
20081960 -40.1 59.9 -38.6 
20081970 -39.8 60.0 -38.2 
20081980 -40.1 59.2 -40.5 
20081990 -39.7 60.2 -36.5 
20082000 -40.9 59.9 -37.2 
20082010 -39.2 60.2 -37.0 
20082020 -39.7 62.6 -45.2 
20082030 -39.4 60.1 -35.5 
20082040 -38.0 59.3 -33.4 
20082050 -39.9 60.5 -34.9 
20082060 -38.8 57.6 -35.2 
20082070 -38.6 58.6 -38.0 
20082080 -39.2 58.7 -30.7 
20082090 -38.6 59.7 -37.7 
20082100 -38.9 60.6 -40.2 
20082110 -39.4 59.5 -37.1 
20082120 -39.6 58.2 -37.4 
20082130 -38.5 61.4 -37.7 
20082140 -37.4 59.2 -40.3 
20082150 -38.3 58.8 -34.3 
20082160 -38.3 60.0 -37.7 
20082170 -39.4 62.0 -34.6 
20082180 -38.5 59.8 -39.5 
20082190 -37.3 61.6 -40.1 
20082200 -39.3 58.8 -39.8 
20082210 -38.3 61.3 -37.2 
20082220 -37.9 61.6 -38.7 
20082230 -37.1 59.9 -35.3 
20082240 -37.9 61.3 -35.6 
20082250 -37.3 60.2 -36.0 
20082260 -38.3 60.9 -32.0 
20082270 -37.7 61.1 -32.9 
20082280 -38.4 59.9 -37.3 
20082290 -37.8 60.6 -36.9 
20082300 -38.6 61.1 -40.2 
20082310 -37.1 60.0 -40.5 
20082320 -38.0 61.2 -38.9 
20082330 -38.5 61.4 -35.0 
20082340 -37.7 60.8 -34.9 
20082350 -36.7 60.6 -38.5 
20082360 -36.6 62.2 -39.4 
20082370 -36.8 62.4 -36.9 
20082380 -37.9 61.8 -36.2 
20082390 -37.3 61.5 -36.6 
20082400 -37.2 61.2 -36.8 
20082410 -37.9 63.4 -38.9 
20082420 -37.4 61.6 -32.7 
20082430 -36.4 61.2 -37.8 
20082440 -36.5 61.6 -37.1 
20082450 -36.3 60.3 -32.6 
20082460 -36.0 62.2 -37.6 
20082470 -36.6 61.9 -37.7 
20082480 -37.2 62.0 -37.3 
20082490 -36.8 61.9 -36.4 
20082500 -37.0 62.1 -35.9 
20082510 -37.4 62.2 -31.4 
20082520 -36.7 62.1 -38.7 
20082530 -35.9 61.8 -40.5 
20082540 -37.0 63.0 -39.8 
20082550 -35.7 62.9 -39.5 
20082560 -35.9 62.0 -35.5 
20082570 -36.1 63.6 -36.3 
20082580 -36.3 63.1 -37.3 
20082590 -36.8 63.2 -35.8 
20082600 -36.5 63.1 -34.6 
20082610 -36.2 62.5 -37.2 
20082620 -36.9 63.2 -35.9 
20082630 -36.3 62.7 -38.6 
20082640 -36.3 62.8 -31.0 
20082650 -36.2 62.6 -33.1 
20082660 -36.2 63.3 -34.5 
20082670 -36.1 63.7 -37.3 
20082680 -36.0 62.0 -40.3 
20082690 -35.8 63.1 -34.7 
20082700 -35.0 63.6 -37.6 
20082710 -35.5 63.3 -39.5 
20082720 -35.2 63.9 -41.7 
20082730 -35.2 64.0 -39.0 
20082740 -34.8 64.3 -39.4 
20082750 -35.7 63.6 -38.5 
20082760 -34.9 62.9 -39.2 
20082770 -35.3 64.1 -36.5 
20082780 -35.5 63.6 -36.5 
20082790 -34.4 63.4 -42.2 
20082800 -34.5 63.1 -36.0 
20082810 -35.5 63.6 -36.0 
20082820 -35.4 63.4 -38.2 
20082830 -35.2 63.8 -44.9 
20082840 -35.1 63.9 -42.2 
20082850 -34.0 62.9 -40.0 
20082860 -34.4 64.2 -36.1 
20082870 -34.5 63.8 -39.6 
20082880 -34.8 62.8 -34.9 
20082890 -35.0 63.7 -39.6 
20082900 -34.3 63.0 -35.8 
20082910 -34.9 64.4 -40.7 
20082920 -34.9 64.3 -39.6 
20082930 -34.1 64.6 -41.1 
20082940 -34.5 63.5 -38.7 
20082950 -34.1 63.7 -40.0 
20082960 -34.4 64.6 -35.1 
20082970 -34.9 64.6 -39.5 
20082980 -34.1 64.5 -40.2 
20082990 -34.5 64.4 -40.1 
20083000 -33.6 63.7 -42.4 
20083010 -33.6 63.3 -40.9 
20083020 -33.7 64.4 -37.6 
20083030 -34.4 65.2 -34.1 
20083040 -33.5 64.3 -36.1 
20083050 -34.3 64.9 -35.6 
20083060 -35.0 65.9 -35.6 
20083070 -33.8 65.2 -34.1 
20083080 -34.7 65.2 -37.1 
20083090 -33.5 66.4 -38.8 
20083100 -33.6 66.1 -36.0 
20083110 -33.6 65.6 -37.8 
20083120 -33.2 65.0 -38.2 
20083130 -32.9 65.5 -40.2 
20083140 -32.8 64.9 -38.9 
20083150 -33.4 66.1 -39.1 
20083160 -32.9 65.5 -43.9 
20083170 -33.0 65.6 -35.6 
20083180 -33.1 65.5 -35.4 
20083190 -32.8 65.3 -40.0 
20083200 -32.8 65.4 -38.8 
20083210 -32.7 66.7 -36.7 
20083220 -33.1 65.3 -39.7 
20083230 -32.9 66.1 -38.5 
20083240 -33.1 66.4 -38.4 
20083250 -31.3 65.7 -34.2 
20083260 -31.8 65.5 -37.6 
20083270 -33.1 65.7 -38.8 
20083280 -33.1 65.0 -36.1 
20083290 -32.5 66.1 -38.3 
20083300 -32.9 65.6 -38.9 
20083310 -32.3 66.0 -38.2 
20083320 -32.6 65.9 -39.2 
20083330 -32.3 66.0 -38.6 
20083340 -34.7 67.1 -41.9 
20083350 -33.6 66.8 -36.0 
20083360 -33.2 65.9 -37.0 
20083370 -33.2 66.1 -35.9 
20083380 -32.3 67.6 -36.5 
20083390 -32.1 66.8 -38.8 
20083400 -32.4 66.2 -41.0 
20083410 -32.1 66.3 -37.9 
20083420 -32.5 65.8 -38.4 
20083430 -31.5 65.7 -38.6 
20083440 -31.7 65.9 -38.5 
20083450 -31.5 66.9 -38.8 
20083460 -31.1 67.5 -38.3 
20083470 -28.2 65.7 -40.5 
20083490 -32.0 66.8 -42.1 
20083500 -32.1 67.1 -37.5 
20083510 -31.6 66.8 -38.1 
20083520 -30.6 66.4 -41.8 
20083530 -31.9 66.5 -39.9 
20083540 -31.9 66.1 -39.4 
20083550 -30.7 65.8 -40.0 
20083560 -30.6 66.0 -38.6 
20083570 -30.8 66.1 -41.9 
20083580 -32.0 67.9 -39.3 
20083590 -31.1 66.6 -40.3 
20083640 -31.1 67.3 -40.1 
20083650 -30.8 67.5 -40.5 
20090040 -26.6 69.5 -38.4 
20090050 -28.1 67.6 -44.6 
20090060 -28.7 67.5 -46.1 
20090070 -28.9 66.7 -41.7 
20090080 -29.2 67.0 -43.6 
20090090 -28.8 66.5 -44.2 
20090100 -29.0 66.5 -42.4 
20090110 -29.5 65.6 -42.9 
20090120 -29.3 66.2 -43.7 
20090130 -29.2 68.0 -43.0 
20090140 -29.4 68.0 -42.1 
20090150 -28.5 68.6 -44.4 
20090160 -30.3 68.0 -42.6 
20090170 -30.1 67.5 -43.0 
20090180 -29.8 67.9 -45.0 
20090190 -29.7 67.8 -43.3 
20090200 -28.9 68.1 -38.9 
20090210 -29.0 68.1 -39.5 
20090220 -28.9 67.4 -47.0 
20090230 -28.4 67.5 -40.6 
20090240 -28.9 67.2 -41.6 
20090250 -28.9 67.3 -43.2 
20090260 -28.8 68.4 -42.2 
20090270 -27.7 66.7 -40.5 
20090280 -28.9 71.7 -44.3 
20090290 -30.2 69.9 -39.2 
20090300 -29.6 68.3 -37.3 
20090310 -29.2 68.6 -39.2 
20090320 -29.3 71.2 -43.2 
20090330 -29.5 70.5 -41.0 
20090340 -28.5 70.7 -42.1 
20090350 -28.3 68.8 -34.1 
20090360 -28.4 68.2 -38.1 
20090370 -28.2 68.7 -40.1 
20090380 -28.3 68.7 -43.4 
20090390 -27.7 68.5 -38.0 
20090400 -28.7 68.4 -38.3 
20090410 -26.2 70.2 -39.5 
20090420 -26.8 69.5 -37.0 
20090430 -28.5 68.5 -38.9 
20090440 -28.2 68.1 -37.4 
20090450 -27.8 69.3 -37.3 
20090460 -28.6 69.1 -38.4 
20090470 -27.4 69.7 -39.7 
20090480 -27.6 71.6 -42.5 
20090490 -26.3 71.0 -45.3 
20090500 -26.9 70.1 -42.2 
20090510 -27.2 70.3 -42.9 
20090520 -28.0 69.9 -36.1 
20090530 -27.4 70.1 -37.5 
20090540 -28.5 70.1 -46.0 
20090550 -28.2 71.6 -41.6 
20090560 -27.6 69.8 -40.8 
20090570 -26.9 69.8 -39.5 
20090580 -27.0 69.9 -42.9 
20090590 -27.7 69.5 -40.0 
20090600 -26.6 69.9 -38.9 
20090610 -27.1 70.2 -39.8 
20090620 -27.1 69.5 -38.6 
20090630 -27.2 69.8 -40.0 
20090640 -26.7 70.7 -38.6 
20090650 -26.5 69.3 -41.2 
20090660 -26.7 69.7 -40.3 
20090670 -27.1 70.2 -37.4 
20090680 -26.8 69.4 -36.5 
20090690 -27.0 70.3 -38.2 
20090700 -26.9 71.1 -40.5 
20090710 -27.0 70.1 -39.1 
20090720 -26.1 72.1 -44.4 
20090730 -25.9 70.8 -41.8 
20090740 -26.7 71.2 -40.7 
20090750 -26.6 70.9 -40.3 
20090760 -26.4 70.9 -39.5 
20090770 -27.5 70.0 -34.9 
20090780 -26.4 70.9 -41.2 
20090790 -26.7 70.4 -38.1 
20090800 -26.2 70.6 -37.6 
20090810 -26.5 71.5 -38.6 
20090820 -25.9 70.8 -36.3 
20090830 -25.5 70.4 -43.2 
20090840 -25.9 70.7 -36.7 
20090850 -25.4 72.1 -41.0 
20090860 -25.1 71.7 -40.0 
20090870 -25.9 71.1 -38.4 
20090880 -25.8 71.8 -36.3 
20090890 -25.3 71.3 -39.2 
20090900 -25.3 71.3 -38.8 
20090910 -25.4 71.3 -38.4 
20090920 -24.9 72.0 -37.6 
20090930 -24.3 71.4 -42.6 
20090940 -24.9 71.2 -40.2 
20090950 -25.5 71.3 -36.8 
20090960 -25.0 70.7 -36.5 
20090970 -25.1 71.2 -38.0 
20090980 -24.8 70.7 -39.8 
20090990 -24.2 71.2 -36.4 
20091000 -24.2 71.3 -36.0 
20091010 -24.3 71.4 -38.9 
20091020 -24.0 71.7 -38.5 
20091030 -23.7 71.0 -41.6 
20091040 -23.7 71.3 -40.6 
20091050 -23.8 72.3 -41.1 
20091060 -23.2 71.1 -34.4 
20091070 -23.6 70.0 -37.7 
20091080 -24.5 71.5 -36.0 
20091090 -23.6 70.5 -35.5 
20091100 -23.2 70.2 -35.8 
20091110 -23.7 70.9 -34.5 
20091120 -23.7 71.5 -37.5 
20091130 -23.7 71.4 -34.9 
20091140 -23.4 70.7 -37.4 
20091150 -23.3 71.1 -35.1 
20091160 -23.4 70.8 -37.4 
20091170 -23.0 72.7 -35.5 
20091180 -22.8 72.0 -39.9 
20091190 -23.4 71.7 -33.3 
20091200 -22.8 71.1 -33.6 
20091210 -23.8 71.3 -26.6 
20091220 -23.2 70.4 -35.2 
20091230 -23.3 71.2 -38.8 
20091240 -22.5 70.2 -34.5 
20091250 -23.6 71.7 -39.2 
20091260 -23.1 71.4 -35.6 
20091270 -23.0 70.7 -38.9 
20091280 -22.4 70.8 -38.5 
20091290 -22.8 71.5 -35.3 
20091300 -21.6 71.9 -30.9 
20091310 -21.8 70.9 -34.8 
20091320 -22.8 72.5 -35.2 
20091330 -22.7 71.9 -35.9 
20091340 -22.4 71.6 -34.6 
20091350 -22.5 71.5 -34.1 
20091360 -22.3 72.0 -36.4 
20091370 -22.7 71.6 -34.3 
20091380 -22.5 70.9 -36.2 
20091390 -21.0 70.1 -39.9 
20091400 -22.1 71.2 -37.6 
20091410 -21.8 71.4 -36.8 
20091420 -21.9 69.9 -33.8 
20091430 -22.7 71.7 -35.5 
20091440 -21.5 72.4 -41.4 
20091450 -21.3 70.2 -42.5 
20091460 -20.4 70.7 -35.0 
20091470 -21.4 71.7 -37.4 
20091480 -22.3 72.8 -37.2 
20091490 -22.5 72.2 -36.3 
20091500 -21.6 71.8 -37.2 
20091510 -22.0 72.7 -37.4 
20091520 -22.0 72.3 -30.8 
20091530 -21.9 72.0 -40.9 
20091540 -22.2 71.5 -37.8 
20091550 -22.3 72.0 -36.0 
20091560 -20.4 73.3 -40.0 
20091570 -21.4 71.6 -33.1 
20091580 -21.4 72.0 -34.0 
20091590 -21.0 73.0 -36.3 
20091600 -21.1 72.0 -34.2 
20091610 -21.2 71.4 -35.4 
20091620 -21.6 72.6 -36.5 
20091630 -19.5 72.3 -33.4 
20091640 -20.8 72.1 -36.3 
20091650 -21.2 72.3 -36.5 
20091660 -20.9 71.7 -32.6 
20091670 -21.0 73.4 -36.1 
20091680 -21.0 73.0 -36.6 
20091690 -21.2 72.7 -39.3 
20091700 -20.9 71.9 -25.9 
20091710 -20.9 72.5 -34.2 
20091720 -20.5 73.2 -33.2 
20091730 -21.2 72.1 -32.9 
20091740 -22.2 71.5 -36.9 
20091750 -21.5 70.7 -34.1 
20091760 -20.3 73.6 -42.1 
20091770 -20.3 72.3 -37.1 
20091780 -20.5 70.9 -39.9 
20091790 -19.8 73.2 -41.8 
20091800 -19.6 72.7 -37.5 
20091810 -21.1 72.6 -27.7 
20091820 -22.4 75.3 -32.7 
20091830 -18.5 70.6 -34.3 
20091840 -20.4 71.6 -37.1 
20091850 -19.6 70.0 -27.9 
20091860 -20.1 72.4 -35.9 
20091870 -19.9 74.6 -38.5 
20091880 -19.9 72.0 -33.1 
20091890 -18.6 73.3 -32.3 
20091900 -19.7 74.1 -33.2 
20091910 -19.9 73.5 -30.0 
20091920 -19.8 73.8 -31.8 
20091930 -19.1 73.5 -32.1 
20091940 -19.9 73.0 -29.9 
20091950 -19.2 73.9 -28.2 
20091960 -18.4 72.8 -35.7 
20091970 -18.5 72.6 -41.2 
20091980 -18.5 73.1 -38.4 
20091990 -17.7 72.7 -32.6 
20092000 -18.2 73.8 -36.9 
20092010 -18.3 72.8 -34.0 
20092020 -18.6 72.9 -38.1 
20092030 -17.6 72.3 -39.3 
20092040 -17.2 71.8 -33.0 
20092050 -18.9 72.4 -37.2 
20092060 -18.8 73.5 -34.8 
20092070 -19.3 72.7 -35.1 
20092080 -18.1 74.2 -38.0 
20092090 -18.2 73.6 -32.3 
20092100 -18.2 74.2 -35.9 
20092110 -18.0 74.2 -33.2 
20092120 -18.2 74.9 -31.6 
20092130 -18.3 74.1 -29.0 
20092140 -16.6 73.3 -32.9 
20092150 -18.3 74.2 -34.0 
20092160 -18.1 73.0 -35.6 
20092170 -18.0 73.4 -34.3 
20092180 -16.9 73.9 -34.4 
20092190 -17.3 73.0 -34.3 
20092200 -17.1 74.4 -35.6 
20092210 -17.5 73.6 -31.6 
20092220 -16.5 74.3 -35.8 
20092230 -16.3 74.6 -34.7 
20092240 -16.6 73.1 -35.8 
20092250 -16.1 73.5 -35.3 
20092260 -16.6 74.3 -34.4 
20092270 -16.2 73.5 -36.3 
20092280 -18.4 74.5 -39.3 
20092290 -17.2 73.4 -34.7 
20092300 -17.5 74.6 -34.1 
20092310 -17.5 74.9 -35.2 
20092320 -16.8 75.3 -35.8 
20092330 -15.2 74.8 -35.6 
20092340 -17.2 74.7 -31.5 
20092350 -16.8 74.7 -35.6 
20092360 -16.4 74.8 -37.4 
20092370 -15.6 74.4 -34.3 
20092380 -16.3 74.5 -31.0 
20092390 -15.0 75.9 -35.3 
20092410 -16.3 75.0 -35.9 
20092420 -16.0 75.6 -32.4 
20092430 -16.0 75.3 -38.9 
20092440 -14.8 75.6 -39.3 
20092450 -17.0 76.9 -33.1 
20092460 -15.6 75.7 -35.3 
20092470 -15.4 75.5 -32.3 
20092480 -16.7 74.8 -31.8 
20092490 -15.7 75.8 -32.5 
20092500 -15.8 75.8 -39.1 
20092510 -15.5 76.4 -34.4 
20092520 -16.0 76.4 -37.3 
20092530 -15.6 76.9 -38.6 
20092540 -15.5 76.4 -26.6 
20092550 -16.2 76.0 -33.5 
20092560 -16.0 76.2 -33.7 
20092570 -16.4 76.6 -31.1 
20092580 -15.0 75.9 -33.0 
20092590 -15.8 76.4 -34.0 
20092600 -15.0 76.7 -33.1 
20092610 -15.3 76.0 -37.4 
20092620 -15.2 75.8 -36.3 
20092630 -14.8 76.5 -36.3 
20092640 -14.8 76.4 -35.4 
20092650 -14.2 76.1 -37.6 
20092660 -14.5 77.1 -38.4 
20092670 -14.0 76.3 -35.0 
20092680 -14.8 76.9 -38.6 
20092690 -14.6 76.5 -36.3 
20092700 -14.6 76.7 -36.5 
20092710 -14.7 76.2 -39.1 
20092720 -15.4 77.9 -37.0 
20092730 -15.3 76.6 -35.3 
20092740 -14.6 77.3 -39.4 
20092750 -14.3 77.1 -36.4 
20092760 -14.6 77.6 -37.3 
20092770 -13.7 78.0 -32.9 
20092780 -14.5 77.7 -34.4 
20092790 -13.8 77.2 -37.9 
20092800 -14.0 76.8 -33.5 
20092810 -13.9 76.4 -37.6 
20092820 -14.0 77.9 -34.3 
20092830 -14.5 77.6 -36.5 
20092840 -13.4 77.2 -33.6 
20092850 -14.6 78.4 -38.9 
20092860 -15.0 77.8 -37.6 
20092870 -14.9 77.5 -33.6 
20092880 -15.0 77.6 -36.9 
20092890 -14.1 78.3 -37.1 
20092900 -13.9 78.2 -38.8 
20092910 -14.2 78.4 -35.9 
20092920 -14.1 78.0 -39.5 
20092930 -13.8 78.1 -39.0 
20092940 -13.7 78.5 -40.2 
20092950 -13.5 79.0 -36.1 
20092960 -13.8 79.2 -39.0 
20092970 -13.2 78.6 -31.7 
20092980 -13.8 77.7 -42.4 
20092990 -13.4 78.8 -39.2 
20093000 -14.0 78.7 -38.3 
20093010 -13.2 78.5 -39.9 
20093020 -13.3 78.1 -38.3 
20093030 -13.3 78.9 -38.4 
20093040 -13.7 79.0 -39.6 
20093050 -12.9 79.0 -41.0 
20093060 -13.0 79.8 -40.6 
20093070 -5.5 88.4 -31.7 
20093080 -10.7 80.3 -38.5 
20093090 -13.1 79.6 -38.7 
20093100 -12.8 79.5 -37.5 
20093110 -12.6 79.0 -38.0 
20093120 -12.2 79.1 -38.5 
20093130 -12.9 79.5 -36.1 
20093140 -12.8 78.7 -38.6 
20093150 -12.6 78.5 -38.1 
20093160 -12.7 78.8 -41.2 
20093170 -11.9 78.7 -41.6 
20093180 -11.9 79.6 -38.9 
20093190 -12.4 78.5 -35.7 
20093200 -11.7 80.4 -41.5 
20093210 -11.5 80.0 -36.9 
20093220 -12.0 79.5 -39.2 
20093230 -11.6 79.2 -40.0 
20093240 -11.2 79.3 -41.8 
20093250 -11.6 78.8 -39.3 
20093260 -11.5 79.6 -39.4 
20093270 -12.0 79.7 -36.6 
20093280 -11.4 78.3 -38.9 
20093290 -11.1 79.2 -40.6 
20093300 -11.7 79.3 -41.7 
20093310 -11.0 79.8 -38.9 
20093320 -11.2 79.2 -43.1 
20093330 -12.0 80.4 -41.5 
20093340 -12.3 77.9 -41.3 
20093350 -11.1 80.2 -36.2 
20093360 -11.7 80.9 -38.5 
20093370 -10.6 79.2 -41.8 
20093380 -11.1 79.5 -38.1 
20093390 -11.4 79.4 -34.9 
20093400 -11.0 79.8 -38.9 
20093410 -11.1 79.7 -40.1 
20093420 -11.0 79.9 -37.4 
20093430 -11.5 80.2 -35.7 
20093440 -11.0 80.6 -43.2 
20093450 -11.0 80.4 -41.7 
20093460 -12.0 80.0 -35.5 
20093470 -11.3 79.9 -35.8 
20093480 -11.4 79.9 -35.1 
20093490 -11.3 80.7 -34.5 
20093500 -12.4 81.2 -35.5 
20093510 -11.8 81.1 -37.6 
20093520 -12.2 81.4 -36.7 
20093530 -11.9 82.2 -36.7 
20093540 -10.5 81.9 -40.7 
20093550 -11.1 82.8 -41.7 
20093560 -10.3 82.0 -40.4 
20093570 -10.0 80.2 -39.1 
20093580 -9.6 80.9 -37.0 
20093590 -8.8 81.0 -39.0 
20093600 -9.7 80.9 -40.7 
20093610 -9.6 81.0 -38.0 
20093620 -11.2 81.2 -41.4 
20093630 -10.5 81.3 -42.4 
20093640 -9.0 81.6 -38.9 
20093650 -9.9 81.8 -36.9 
20100010 -10.0 83.4 -36.0 
20100020 -10.0 81.1 -33.8 
20100030 -10.1 81.0 -32.8 
20100040 -9.5 81.1 -33.5 
20100050 -9.5 80.9 -32.8 
20100060 -10.5 82.7 -32.3 
20100070 -10.5 82.5 -36.6 
20100080 -10.2 82.1 -35.5 
20100090 -12.2 82.3 -44.7 
20100100 -9.6 80.1 -36.3 
20100110 -10.0 80.9 -36.8 
20100120 -9.8 81.2 -36.0 
20100130 -10.1 81.2 -34.6 
20100140 -9.9 81.5 -35.5 
20100150 -9.6 81.4 -37.1 
20100160 -10.0 81.5 -34.3 
20100170 -8.6 81.6 -34.3 
20100180 -9.2 85.0 -38.1 
20100190 -8.8 81.8 -36.5 
20100200 -9.1 87.8 -35.3 
20100210 -8.8 84.4 -38.0 
20100220 -9.4 85.4 -36.2 
20100230 -9.2 84.4 -35.5 
20100240 -10.2 87.8 -35.6 
20100250 -8.2 86.1 -36.0 
20100260 -9.1 83.9 -37.1 
20100270 -8.3 84.4 -37.9 
20100280 -8.2 83.2 -36.7 
20100290 -8.0 81.7 -37.2 
20100300 -8.3 82.7 -34.6 
20100310 -8.2 82.8 -37.1 
20100320 -7.8 82.2 -35.8 
20100330 -7.6 82.2 -40.0 
20100340 -7.4 82.6 -39.1 
20100350 -7.0 82.1 -37.6 
20100360 -7.3 82.5 -36.7 
20100370 -8.5 83.2 -35.4 
20100380 -7.6 82.6 -36.4 
20100390 -7.6 82.7 -36.7 
20100400 -7.5 82.9 -37.2 
20100410 -7.2 82.8 -37.5 
20100420 -6.8 83.3 -34.4 
20100430 -6.9 81.9 -34.6 
20100440 -6.0 82.2 -35.1 
20100450 -7.3 82.1 -36.6 
20100460 -7.3 82.5 -37.6 
20100470 -6.8 82.4 -37.0 
20100480 -6.8 82.1 -35.6 
20100490 -7.0 81.8 -37.3 
20100500 -6.9 82.8 -37.1 
20100510 -6.7 83.2 -36.2 
20100520 -7.0 82.6 -36.4 
20100530 -6.8 82.7 -36.5 
20100540 -6.3 82.2 -38.2 
20100550 -6.3 82.5 -37.9 
20100560 -6.8 82.4 -37.0 
20100570 -6.2 82.9 -37.9 
20100580 -5.9 82.8 -36.1 
20100590 -6.2 82.7 -37.4 
20100600 -6.1 82.7 -39.9 
20100610 -6.6 83.3 -34.9 
20100620 -5.9 83.0 -35.9 
20100630 -5.9 82.9 -34.2 
20100640 -6.8 83.4 -36.2 
20100650 -5.9 83.6 -34.6 
20100660 -6.1 83.4 -34.7 
20100670 -5.7 83.9 -36.2 
20100680 -5.7 83.2 -37.1 
20100690 -5.5 83.5 -35.2 
20100700 -5.9 83.3 -38.3 
20100710 -5.4 84.0 -38.2 
20100720 -5.7 83.5 -36.7 
20100730 -5.6 82.9 -30.9 
20100740 -4.8 84.6 -38.7 
20100750 -4.4 85.4 -39.6 
20100760 -6.0 84.1 -39.8 
20100770 -5.4 83.9 -38.1 
20100780 -5.4 84.0 -36.9 
20100790 -4.5 83.7 -37.6 
20100800 -5.8 83.3 -36.2 
20100810 -5.7 84.3 -40.2 
20100820 -4.4 84.2 -37.8 
20100830 -4.6 83.7 -39.3 
20100840 -4.7 84.4 -36.3 
20100850 -5.2 83.4 -36.2 
20100860 -4.0 83.6 -34.4 
20100870 -4.7 83.1 -36.6 
20100880 -4.4 83.2 -38.6 
20100890 -4.0 83.0 -35.2 
20100900 -4.7 84.0 -40.0 
20100910 -4.5 84.3 -38.3 
20100920 -4.1 83.6 -36.2 
20100930 -4.6 84.1 -35.9 
20100940 -4.1 84.1 -35.4 
20100950 -4.2 83.9 -36.0 
20100960 -3.8 84.2 -37.2 
20100970 -3.3 83.7 -37.9 
20100980 -4.1 84.3 -37.9 
20100990 -4.3 84.4 -36.8 
20101000 -4.5 78.6 -29.5 
20101010 -3.9 83.1 -45.9 
20101020 -4.0 84.3 -36.2 
20101030 -4.0 85.2 -35.7 
20101040 -3.9 84.8 -37.2 
20101050 -4.2 84.2 -37.3 
20101060 -3.3 84.1 -35.3 
20101070 -4.1 84.7 -36.6 
20101080 -3.7 84.2 -38.3 
20101090 -3.5 84.1 -37.5 
20101100 -3.3 84.9 -39.4 
20101110 -3.4 85.2 -35.5 
20101120 -3.7 84.5 -36.0 
20101130 -3.4 84.5 -36.6 
20101140 -3.4 83.6 -35.5 
20101150 -2.7 84.6 -37.6 
20101160 -3.2 85.3 -36.9 
20101170 -3.3 84.8 -36.6 
20101180 -3.2 84.1 -37.5 
20101190 -3.0 85.7 -36.5 
20101200 -1.8 84.0 -35.0 
20101210 -2.0 83.8 -33.8 
20101220 -2.8 84.6 -36.3 
20101230 -2.3 85.2 -35.9 
20101240 -2.5 84.9 -38.9 
20101250 -2.4 84.5 -34.3 
20101260 -2.6 84.2 -32.5 
20101270 -2.8 87.1 -40.4 
20101280 -2.0 85.1 -34.1 
20101290 -3.3 84.8 -37.2 
20101300 -1.9 85.5 -39.6 
20101310 -2.5 85.3 -36.0 
20101320 -2.6 84.5 -37.7 
20101330 -2.1 85.3 -38.2 
20101340 -2.0 85.0 -37.0 
20101350 -2.1 85.3 -36.1 
20101360 -3.4 84.7 -35.0 
20101370 -1.8 84.9 -34.7 
20101380 -1.4 84.2 -29.4 
20101390 -1.7 84.9 -37.2 
20101400 -1.5 84.9 -33.8 
20101410 -0.1 84.4 -31.1 
20101420 -1.1 85.2 -35.2 
20101430 -0.3 85.5 -39.3 
20101440 -0.6 85.0 -36.8 
20101450 0.4 85.5 -38.9 
20101460 -0.6 86.1 -32.7 
20101470 -0.8 84.9 -39.0 
20101480 -0.3 84.3 -36.8 
20101490 -0.7 86.4 -32.4 
20101500 0.3 86.1 -38.9 
20101510 -1.2 85.8 -35.3 
20101520 -2.1 86.2 -29.6 
20101540 -0.9 85.9 -35.8 
20101550 -1.6 84.6 -33.4 
20101560 -0.6 86.4 -35.5 
20101570 -0.1 86.1 -37.8 
20101580 -0.5 85.8 -36.5 
20101590 0.3 85.9 -42.4 
20101600 1.1 85.7 -35.0 
20101610 0.2 85.8 -36.8 
20101620 0.6 86.0 -35.4 
20101630 0.7 85.9 -27.0 
20101640 0.1 85.4 -30.2 
20101650 0.2 85.4 -37.0 
20101660 -0.5 86.9 -31.3 
20101670 1.3 86.4 -28.8 
20101680 0.5 86.3 -26.5 
20101710 -0.3 86.1 -32.0 
20101720 0.3 86.2 -40.8 
20101730 1.6 86.8 -42.6 
20101740 1.4 85.4 -39.8 
20101750 2.5 84.9 -37.2 
20101760 1.5 86.1 -34.3 
20101770 1.7 85.4 -34.6 
20101780 1.9 86.6 -33.6 
20101790 1.3 86.0 -36.7 
20101800 -0.1 86.4 -36.4 
20101810 1.2 86.3 -34.1 
20101820 0.8 86.7 -38.8 
20101830 0.9 86.2 -39.1 
20101840 1.3 85.7 -37.5 
20101850 -1.1 83.9 -33.6 
20101860 1.7 85.0 -28.5 
20101870 0.7 86.5 -40.0 
20101880 1.7 86.6 -34.0 
20101890 1.1 86.2 -33.0 
20101900 2.0 86.0 -35.0 
20101910 2.9 85.1 -36.7 
20101920 4.2 86.4 -34.5 
20101930 0.7 84.9 -37.1 
20101940 2.8 86.2 -38.7 
20101950 3.0 85.2 -38.9 
20101960 1.5 86.3 -28.2 
20101970 1.8 86.7 -34.0 
20101980 3.4 84.8 -32.6 
20101990 1.9 86.7 -32.5 
20102000 2.2 87.1 -32.0 
20102010 2.4 87.4 -35.1 
20102020 0.9 86.4 -35.3 
20102030 2.5 84.4 -41.4 
20102040 3.5 86.4 -31.9 
20102050 2.6 86.2 -38.7 
20102060 1.0 86.5 -33.0 
20102070 2.5 87.1 -32.4 
20102080 1.8 87.7 -33.6 
20102090 2.5 85.8 -27.7 
20102100 2.3 85.8 -31.5 
20102110 2.6 87.2 -34.4 
20102120 2.6 87.2 -32.2 
20102130 3.1 87.6 -36.3 
20102140 2.7 86.5 -35.1 
20102150 2.7 87.1 -34.5 
20102160 2.8 87.2 -33.3 
20102170 3.5 86.9 -33.1 
20102180 2.8 87.7 -34.6 
20102190 3.3 86.9 -27.0 
20102200 2.8 86.9 -33.4 
20102210 3.1 87.9 -37.0 
20102220 2.7 88.4 -34.6 
20102230 3.2 88.8 -34.0 
20102240 3.4 88.2 -38.6 
20102250 4.1 87.5 -32.7 
20102260 2.8 87.9 -37.6 
20102270 4.1 86.3 -24.4 
20102290 5.0 88.2 -39.7 
20102300 2.4 88.1 -31.2 
20102310 3.1 88.8 -32.2 
20102320 2.9 89.8 -35.3 
20102330 3.2 88.9 -33.4 
20102340 4.6 89.4 -34.1 
20102350 3.4 87.1 -37.9 
20102360 4.8 88.4 -33.4 
20102370 5.9 88.0 -35.2 
20102410 6.0 88.9 -47.7 
20102420 3.9 89.3 -38.1 
20102430 2.6 90.0 -32.9 
20102440 3.6 88.9 -33.5 
20102450 3.6 90.0 -34.2 
20102460 3.7 89.6 -35.1 
20102470 3.3 89.7 -35.9 
20102480 3.7 90.1 -34.5 
20102490 3.7 89.9 -39.5 
20102500 4.2 90.6 -38.0 
20102510 4.3 89.8 -34.2 
20102520 4.9 91.0 -38.5 
20102530 4.1 89.8 -32.6 
20102540 4.5 90.1 -33.4 
20102550 4.6 90.5 -36.6 
20102560 5.7 89.3 -39.0 
20102570 5.1 89.7 -33.4 
20102580 4.8 89.7 -34.5 
20102590 4.2 89.4 -34.6 
20102600 5.2 89.0 -40.8 
20102610 6.5 91.4 -39.9 
20102620 6.2 90.6 -36.3 
20102630 5.1 90.8 -34.4 
20102640 5.6 89.6 -34.3 
20102650 5.3 90.1 -29.8 
20102660 5.2 90.4 -32.7 
20102670 5.6 90.4 -30.7 
20102680 6.3 89.6 -35.8 
20102690 5.5 90.9 -35.8 
20102700 4.8 90.0 -37.7 
20102710 5.6 90.0 -34.3 
20102720 5.3 91.2 -33.2 
20102730 5.4 91.1 -34.3 
20102740 5.4 91.6 -37.3 
20102750 6.0 91.6 -36.6 
20102760 6.5 91.1 -32.4 
20102770 5.5 91.6 -30.9 
20102780 7.0 91.1 -36.2 
20102790 6.0 91.8 -35.9 
20102800 6.4 91.1 -35.9 
20102810 5.7 91.0 -33.9 
20102820 6.2 91.0 -29.1 
20102830 6.0 90.9 -34.1 
20102840 6.5 91.0 -31.8 
20102850 6.1 91.0 -35.7 
20102860 6.7 91.1 -35.0 
20102870 6.5 91.1 -34.9 
20102880 5.9 91.6 -33.8 
20102890 6.2 91.3 -35.2 
20102900 6.4 91.3 -34.3 
20102910 6.6 91.7 -35.9 
20102920 6.8 91.7 -39.3 
20102930 7.1 90.8 -35.9 
20102940 5.6 91.6 -35.8 
20102950 7.2 92.1 -38.2 
20102960 6.6 91.6 -36.2 
20102970 7.1 91.6 -37.3 
20102980 6.7 92.1 -36.0 
20102990 6.5 91.5 -32.1 
20103000 7.0 92.0 -34.5 
20103010 6.9 92.3 -37.0 
20103020 6.9 92.1 -36.7 
20103030 7.2 91.8 -36.7 
20103040 7.1 92.8 -32.4 
20103050 7.3 91.9 -33.5 
20103060 7.4 91.6 -35.8 
20103070 7.6 91.9 -38.7 
20103080 6.9 92.3 -31.1 
20103090 5.9 93.0 -36.5 
20103100 7.5 92.7 -33.0 
20103110 7.1 92.1 -33.5 
20103120 7.2 91.4 -36.2 
20103130 7.4 91.9 -33.7 
20103140 7.9 91.9 -36.4 
20103150 7.8 92.4 -34.1 
20103160 7.6 92.6 -37.6 
20103170 7.1 91.3 -32.8 
20103180 7.2 91.8 -36.8 
20103190 8.0 92.5 -35.4 
20103200 7.9 92.7 -37.2 
20103210 8.1 92.3 -36.9 
20103220 8.1 92.3 -36.3 
20103230 8.2 93.0 -38.8 
20103240 7.7 92.4 -36.2 
20103250 8.0 93.2 -35.6 
20103260 8.1 93.2 -35.0 
20103270 7.4 92.8 -34.5 
20103280 8.0 93.1 -35.9 
20103290 8.1 92.1 -35.0 
20103300 8.8 93.6 -36.7 
20103310 8.1 91.2 -38.0 
20103320 5.2 93.1 -31.9 
20103330 5.8 93.4 -35.9 
20103340 6.6 92.4 -36.0 
20103350 7.4 93.2 -38.1 
20103360 7.7 94.6 -34.1 
20103370 7.8 94.7 -32.7 
20103380 7.5 93.5 -33.2 
20103390 7.3 93.0 -30.2 
20103400 8.7 94.0 -33.4 
20103410 9.9 93.8 -34.5 
20103420 8.7 92.7 -31.7 
20103430 8.5 94.3 -31.3 
20103440 9.1 94.8 -31.8 
20103450 9.7 93.5 -37.8 
20103460 8.7 93.7 -33.9 
20103470 8.8 93.8 -34.7 
20103480 9.3 93.9 -33.4 
20103490 8.6 93.8 -31.0 
20103500 9.0 94.9 -31.8 
20103510 10.2 94.7 -32.6 
20103520 9.8 94.6 -28.4 
20103530 9.4 94.7 -25.9 
20103540 9.4 95.0 -30.3 
20103550 9.7 93.2 -34.2 
20103560 10.3 94.5 -32.8 
20103570 10.0 93.9 -34.2 
20103580 10.5 94.2 -34.6 
20103590 10.9 95.4 -29.6 
20103600 10.8 95.1 -29.5 
20103610 11.0 94.8 -25.2 
20103620 11.3 95.8 -28.9 
20103630 11.1 95.9 -27.0 
20103640 11.6 97.1 -30.1 
20103650 11.7 96.4 -35.8 
20110010 10.0 96.3 -33.6 
20110020 9.5 97.2 -32.9 
20110030 9.4 97.4 -31.1 
20110040 9.8 96.5 -33.2 
20110050 10.0 96.1 -30.2 
20110060 10.2 95.9 -32.4 
20110070 10.9 95.4 -37.7 
20110080 10.3 94.8 -34.1 
20110090 11.3 94.4 -33.7 
20110100 11.1 94.9 -36.6 
20110110 10.8 95.4 -34.9 
20110120 10.2 94.0 -33.5 
20110130 11.8 95.2 -37.1 
20110140 10.4 95.3 -32.2 
20110150 9.6 95.1 -38.2 
20110160 10.7 94.9 -35.7 
20110170 11.0 95.4 -34.0 
20110180 11.8 95.4 -35.8 
20110200 11.6 95.6 -34.1 
20110210 11.4 95.7 -33.4 
20110220 11.5 95.9 -32.7 
20110230 11.8 95.0 -33.7 
20110240 12.0 95.2 -34.7 
20110250 12.0 95.1 -33.8 
20110260 12.7 96.7 -37.4 
20110270 12.5 95.4 -38.1 
20110280 12.1 95.2 -36.7 
20110290 11.0 95.5 -35.0 
20110300 11.8 95.2 -36.6 
20110310 11.6 95.2 -35.4 
20110320 11.6 95.7 -33.2 
20110330 12.1 95.1 -32.7 
20110340 12.0 96.2 -32.8 
20110350 12.6 96.2 -35.2 
20110360 13.8 95.2 -38.7 
20110370 12.1 95.8 -33.4 
20110380 12.4 96.2 -36.2 
20110390 12.1 97.0 -35.0 
20110400 12.6 96.8 -34.8 
20110410 12.3 96.5 -34.6 
20110420 14.3 96.3 -33.0 
20110430 12.6 97.0 -32.3 
20110440 13.5 97.3 -31.8 
20110450 13.0 97.2 -34.1 
20110460 13.0 97.3 -31.6 
20110470 13.7 97.4 -34.8 
20110480 13.7 97.6 -30.8 
20110490 13.6 97.0 -31.2 
20110500 12.8 97.2 -33.1 
20110510 12.8 97.4 -36.5 
20110520 13.0 97.6 -34.0 
20110530 13.5 97.5 -35.5 
20110540 13.3 97.9 -34.8 
20110550 13.7 97.6 -35.6 
20110560 12.9 97.1 -38.8 
20110570 13.4 97.6 -37.2 
20110580 13.8 97.8 -37.5 
20110590 13.6 97.9 -37.0 
20110600 13.9 98.4 -34.7 
20110610 13.7 98.2 -36.8 
20110620 14.4 98.1 -35.8 
20110630 14.2 97.9 -36.3 
20110640 14.1 97.4 -35.0 
20110650 13.8 97.7 -36.0 
20110660 14.3 97.9 -37.5 
20110670 15.3 97.8 -37.5 
20110680 14.7 97.5 -35.4 
20110690 15.8 98.0 -40.5 
20110700 14.6 97.8 -37.1 
20110710 14.3 97.5 -33.5 
20110720 15.7 97.0 -36.4 
20110730 15.3 96.6 -34.5 
20110740 15.0 97.5 -31.9 
20110750 15.4 97.8 -39.6 
20110760 14.8 97.9 -37.2 
20110770 15.3 97.2 -38.3 
20110780 14.6 98.0 -34.8 
20110790 15.0 98.3 -37.2 
20110800 15.4 98.1 -38.7 
20110810 15.5 97.8 -35.0 
20110820 15.0 98.5 -35.6 
20110830 15.2 98.2 -35.6 
20110840 16.1 97.6 -36.3 
20110850 15.0 97.5 -38.1 
20110860 15.4 98.8 -36.5 
20110870 15.6 97.3 -35.5 
20110880 15.9 98.1 -37.0 
20110890 15.8 98.4 -34.0 
20110900 16.0 97.8 -36.4 
20110910 16.8 97.4 -36.8 
20110920 15.8 98.3 -38.0 
20110930 16.6 97.7 -37.5 
20110940 16.5 98.3 -36.9 
20110950 17.1 97.7 -37.3 
20110960 16.9 97.3 -33.9 
20110970 16.7 97.0 -39.2 
20110980 18.0 97.5 -41.4 
20110990 16.8 99.3 -37.5 
20111000 16.8 97.4 -39.2 
20111010 16.2 98.4 -35.8 
20111020 16.1 98.3 -33.7 
20111030 15.3 97.7 -38.2 
20111040 17.1 98.0 -38.1 
20111050 16.5 97.3 -37.6 
20111060 17.5 99.5 -38.7 
20111070 17.0 99.0 -39.2 
20111080 17.5 99.0 -39.4 
20111090 17.4 98.7 -35.5 
20111100 17.4 98.7 -38.4 
20111110 17.1 98.7 -39.0 
20111120 18.1 99.7 -42.2 
20111130 18.8 97.8 -42.1 
20111140 17.9 98.4 -39.1 
20111150 17.7 98.9 -38.3 
20111160 17.7 98.6 -34.4 
20111170 17.7 100.0 -38.1 
20111180 17.6 99.2 -37.8 
20111190 19.1 99.2 -36.5 
20111200 18.5 98.5 -37.0 
20111210 18.1 99.3 -36.0 
20111220 18.3 99.2 -37.2 
20111230 18.1 99.1 -33.8 
20111240 18.4 98.9 -39.3 
20111250 18.0 99.3 -39.1 
20111260 18.0 99.8 -40.3 
20111270 18.5 98.3 -34.9 
20111280 18.4 99.7 -38.8 
20111290 18.4 99.7 -38.5 
20111300 18.7 99.4 -37.2 
20111310 18.3 99.3 -37.5 
20111320 18.8 98.7 -37.4 
20111330 17.7 97.7 -36.4 
20111340 18.8 99.9 -38.4 
20111350 18.5 98.5 -38.8 
20111360 18.1 99.3 -40.0 
20111370 19.2 99.9 -37.2 
20111380 19.8 99.9 -41.0 
20111390 20.1 99.3 -38.4 
20111400 19.6 97.8 -29.7 
20111410 17.5 99.8 -32.4 
20111420 20.2 98.3 -40.1 
20111430 19.5 100.0 -40.7 
20111440 19.8 99.3 -39.3 
20111450 19.1 100.0 -34.4 
20111460 19.4 99.6 -38.4 
20111470 18.7 98.7 -41.2 
20111480 19.2 99.1 -39.8 
20111490 19.1 99.8 -36.7 
20111500 18.9 99.1 -37.6 
20111510 18.3 99.2 -32.9 
20111520 19.3 97.8 -40.6 
20111530 19.8 99.3 -34.8 
20111540 21.0 100.4 -33.8 
20111550 21.2 100.1 -38.3 
20111560 21.0 99.8 -37.5 
20111570 20.0 99.4 -39.0 
20111580 19.3 98.4 -38.3 
20111590 18.6 98.6 -33.3 
20111600 19.5 98.3 -40.4 
20111610 20.2 99.6 -38.7 
20111620 20.0 99.9 -36.6 
20111630 19.4 99.1 -38.6 
20111640 19.6 98.2 -34.4 
20111650 20.0 99.7 -32.4 
20111670 20.9 99.1 -37.9 
20111680 20.7 98.9 -33.3 
20111690 20.9 98.4 -34.2 
20111700 21.0 98.2 -36.0 
20111710 20.0 100.6 -33.6 
20111720 20.0 99.7 -36.1 
20111730 22.2 99.8 -37.3 
20111740 20.7 99.9 -41.8 
20111750 22.1 99.5 -33.9 
20111760 20.2 99.1 -33.8 
20111770 20.8 100.2 -37.0 
20111780 21.4 97.6 -35.3 
20111790 21.0 99.8 -38.8 
20111800 21.8 100.0 -36.8 
20111810 19.2 99.2 -31.0 
20111820 20.3 99.3 -31.2 
20111830 21.7 99.9 -37.5 
20111840 20.8 101.2 -38.1 
20111850 22.0 101.4 -37.6 
20111860 22.0 98.6 -34.0 
20111870 23.1 100.5 -40.9 
20111880 22.5 102.1 -37.9 
20111890 22.4 99.8 -36.4 
20111900 23.0 99.7 -37.8 
20111910 22.5 99.7 -34.1 
20111920 20.9 100.9 -34.1 
20111930 23.7 99.5 -35.7 
20111940 23.4 100.5 -39.3 
20111950 23.9 101.2 -41.3 
20111960 22.0 100.0 -36.0 
20111970 23.6 100.2 -38.0 
20111980 23.1 100.8 -39.7 
20111990 23.2 101.1 -37.3 
20112000 24.1 100.8 -34.6 
20112010 22.5 100.6 -39.8 
20112020 23.1 100.6 -37.3 
20112030 23.3 101.2 -35.5 
20112040 23.6 100.7 -35.6 
20112050 23.4 101.3 -36.1 
20112060 23.1 101.2 -34.2 
20112070 23.5 101.7 -34.4 
20112080 21.1 102.1 -35.3 
20112090 23.2 101.6 -39.9 
20112100 22.6 101.6 -34.6 
20112110 23.3 100.9 -39.1 
20112120 24.4 100.8 -35.1 
20112130 23.3 101.5 -39.0 
20112140 24.0 102.8 -35.6 
20112150 25.0 102.4 -41.1 
20112160 24.5 101.0 -37.1 
20112170 23.2 101.6 -34.9 
20112180 23.8 102.9 -37.7 
20112190 24.1 101.3 -35.0 
20112200 24.5 100.9 -37.4 
20112210 24.4 102.1 -38.9 
20112220 24.2 101.9 -36.4 
20112230 24.6 102.9 -42.7 
20112240 24.0 100.7 -31.7 
20112250 25.7 101.0 -39.0 
20112260 23.9 102.6 -37.0 
20112270 23.8 100.6 -34.1 
20112280 25.3 101.6 -32.6 
20112290 25.6 102.5 -33.9 
20112300 25.6 101.6 -36.1 
20112310 25.2 103.0 -37.0 
20112320 24.6 102.2 -38.2 
20112330 25.1 102.4 -39.7 
20112340 27.1 100.8 -35.9 
20112350 25.8 102.9 -41.8 
20112360 25.2 102.5 -36.0 
20112370 25.8 101.3 -33.1 
20112380 26.9 102.9 -30.3 
20112390 26.4 102.2 -38.2 
20112400 26.7 102.1 -44.8 
20112410 26.8 102.5 -32.6 
20112420 26.1 102.3 -33.3 
20112430 25.7 103.0 -31.8 
20112440 27.3 101.6 -38.5 
20112450 26.4 102.6 -31.7 
20112460 26.9 103.1 -39.5 
20112470 25.2 102.3 -32.8 
20112480 26.3 103.1 -37.2 
20112490 26.8 102.5 -39.3 
20112500 25.8 101.8 -34.1 
20112510 25.2 101.6 -32.1 
20112520 26.6 101.8 -32.0 
20112530 26.5 102.5 -32.3 
20112540 26.0 103.6 -36.6 
20112550 26.7 101.7 -34.2 
20112560 26.5 102.3 -36.4 
20112570 25.3 103.8 -32.2 
20112580 25.1 103.1 -38.5 
20112590 25.9 102.8 -32.9 
20112600 26.1 103.3 -35.3 
20112610 26.3 103.9 -35.9 
20112620 26.1 103.5 -34.3 
20112630 26.2 103.1 -40.9 
20112640 26.2 102.1 -36.1 
20112650 25.5 103.5 -32.5 
20112660 26.1 103.2 -35.9 
20112670 26.7 102.9 -36.4 
20112680 26.6 103.8 -34.6 
20112690 27.1 103.8 -34.1 
20112700 26.5 104.0 -36.0 
20112710 26.7 103.7 -36.4 
20112720 26.3 103.8 -33.8 
20112730 26.9 103.4 -36.2 
20112740 27.2 103.7 -34.6 
20112750 26.6 104.8 -35.0 
20112760 27.1 103.2 -39.1 
20112770 28.7 103.6 -39.8 
20112780 26.8 102.6 -39.8 
20112790 27.3 102.7 -37.2 
20112800 27.7 103.2 -35.3 
20112810 26.0 104.5 -37.1 
20112820 26.7 103.6 -36.3 
20112830 27.5 104.7 -36.6 
20112840 26.3 104.4 -38.2 
20112850 28.0 105.1 -36.4 
20112860 27.3 103.8 -36.5 
20112870 27.7 105.0 -37.7 
20112880 26.8 105.0 -34.4 
20112890 26.3 105.0 -33.3 
20112900 27.4 105.3 -35.4 
20112910 27.5 104.5 -36.0 
20112920 27.4 105.9 -35.9 
20112930 27.3 106.0 -38.0 
20112940 27.4 105.3 -37.8 
20112950 27.3 106.0 -36.9 
20112960 27.5 106.1 -37.0 
20112970 27.1 105.7 -35.1 
20112980 27.9 106.5 -38.9 
20112990 28.3 106.4 -36.5 
20113000 27.9 106.2 -37.8 
20113010 27.9 105.2 -36.5 
20113020 27.9 105.6 -33.4 
20113030 27.9 106.5 -35.8 
20113040 28.5 106.2 -37.4 
20113050 28.1 105.4 -37.3 
20113060 28.3 105.1 -36.5 
20113070 28.8 105.3 -38.8 
20113080 28.8 105.2 -40.0 
20113090 29.3 106.3 -34.0 
20113100 28.5 106.7 -34.5 
20113110 28.7 105.4 -37.9 
20113120 28.4 106.5 -35.9 
20113130 28.4 106.1 -38.0 
20113140 29.0 105.7 -38.0 
20113150 28.9 106.5 -36.8 
20113160 29.2 106.6 -35.2 
20113170 29.0 106.3 -37.2 
20113180 29.4 106.9 -39.2 
20113190 28.8 106.2 -35.4 
20113200 28.8 106.3 -33.8 
20113210 29.3 106.6 -36.8 
20113220 30.0 107.0 -41.1 
20113230 29.7 106.3 -34.9 
20113240 29.1 105.8 -35.3 
20113250 30.2 106.8 -37.2 
20113260 29.4 105.0 -33.9 
20113270 29.3 106.5 -37.0 
20113280 29.8 107.2 -36.6 
20113290 30.0 106.5 -37.1 
20113300 29.9 106.8 -36.5 
20113310 30.2 106.5 -38.4 
20113320 30.4 107.0 -39.5 
20113330 30.0 106.9 -38.0 
20113340 30.2 107.0 -37.8 
20113350 30.3 107.3 -40.4 
20113360 30.3 107.7 -43.5 
20113370 30.5 106.7 -40.4 
20113380 30.4 105.8 -35.1 
20113390 29.8 106.7 -37.7 
20113400 29.9 107.3 -38.2 
20113410 30.0 106.6 -39.7 
20113420 30.6 106.3 -38.2 
20113430 29.8 107.6 -36.0 
20113440 29.3 107.2 -38.2 
20113450 30.2 105.8 -36.6 
20113470 33.0 108.2 165.6 
20113480 34.3 107.5 162.4 
20113490 32.4 107.0 159.0 
20113500 32.1 106.8 167.3 
20113510 32.9 106.0 170.9 
20113520 32.6 106.6 166.4 
20113530 32.9 107.5 165.2 
20113550 33.1 105.7 163.7 
20113560 33.4 108.2 162.0 
20113570 34.5 106.6 159.7 
20113580 33.9 107.4 157.5 
20113590 33.0 107.9 159.0 
20113600 33.4 108.5 159.1 
20113610 33.2 108.5 160.6 
20113620 33.7 107.5 161.0 
20113630 34.9 108.8 162.0 
20113640 32.9 108.0 166.1 
20113650 33.5 106.9 164.0 
20120010 34.3 107.7 157.4 
20120020 34.8 107.5 156.1 
20120030 34.7 109.8 154.7 
20120040 33.3 108.3 165.6 
20120050 34.1 107.1 164.1 
20120060 35.0 108.4 163.0 
20120070 34.9 109.2 160.3 
20120080 33.4 106.6 160.3 
20120090 34.5 108.8 162.5 
20120100 34.2 107.4 160.0 
20120110 34.4 108.2 163.0 
20120120 34.2 109.0 162.6 
20120130 36.1 108.1 161.1 
20120140 33.6 108.8 163.4 
20120150 35.0 107.7 164.5 
20120160 35.3 108.1 165.5 
20120170 35.1 108.3 164.0 
20120180 34.8 108.2 163.8 
20120190 35.4 108.3 157.4 
20120200 34.9 108.6 159.9 
20120210 35.1 107.7 156.3 
20120220 36.4 107.9 159.6 
20120230 34.3 107.8 170.1 
20120240 33.6 109.1 168.1 
20120250 36.0 111.2 164.4 
20120260 36.1 108.5 162.6 
20120270 34.8 110.6 164.3 
20120280 36.3 109.3 166.0 
20120290 36.1 109.3 163.7 
20120300 35.2 109.4 165.7 
20120310 36.4 110.3 163.2 
20120320 35.7 108.9 164.8 
20120330 35.7 112.2 160.8 
20120340 36.8 111.3 163.6 
20120350 35.1 110.3 164.4 
20120360 35.0 110.2 165.7 
20120370 36.0 110.1 166.1 
20120390 36.0 110.1 168.3 
20120400 35.5 109.5 169.0 
20120410 36.6 113.2 165.4 
20120420 35.9 111.3 164.7 
20120430 37.7 112.7 160.1 
20120440 37.8 112.5 163.3 
20120450 36.9 110.4 161.5 
20120460 39.3 111.2 159.6 
20120470 38.4 112.8 158.5 
20120480 37.2 111.7 155.8 
20120490 37.6 110.6 161.2 
20120500 37.5 110.1 153.0 
20120510 36.4 110.4 159.9 
20120520 36.4 110.9 160.0 
20120530 37.3 110.4 160.2 
20120540 37.0 108.8 158.5 
20120550 36.2 111.1 162.9 
20120560 37.0 110.3 161.2 
20120570 37.0 110.2 160.5 
20120580 37.1 110.8 161.9 
20120590 35.7 109.8 -49.6 
20120600 38.4 111.1 162.7 
20120990 38.2 110.2 -37.9 
20121000 39.0 110.2 -38.5 
20121010 39.7 110.7 -38.4 
20121020 37.9 110.8 -40.7 
20121030 38.8 110.3 -37.8 
20121040 38.2 110.7 -40.2 
20121050 38.6 110.7 -38.3 
20121060 39.0 110.9 -41.4 
20121070 38.3 110.9 -39.9 
20121080 38.3 110.3 -42.9 
20121090 39.1 111.1 -39.3 
20121100 39.0 110.6 -41.3 
20121110 39.6 111.0 -42.9 
20121120 38.9 110.6 -42.1 
20121130 39.0 110.5 -45.0 
20121140 39.6 111.2 -41.3 
20121150 39.4 111.4 -41.6 
20121160 39.0 111.0 -43.2 
20121170 39.0 110.9 -41.8 
20121190 40.2 111.8 -43.4 
20121200 40.5 110.5 -42.5 
20121210 40.6 110.7 -41.5 
20121230 39.6 111.9 -41.9 
20121240 40.1 109.4 -38.4 
20121250 41.2 111.0 -41.7 
20121260 41.1 110.5 -41.6 
20121270 41.2 110.6 -40.7 
20121280 39.8 111.2 -37.5 
20121290 40.9 111.2 -43.9 
20121300 40.4 111.5 -45.0 
20121310 39.7 112.1 -39.0 
20121320 40.5 110.8 -44.3 
20121330 41.0 112.7 -40.2 
20121340 40.1 111.3 -41.1 
20121350 41.1 111.2 -40.4 
20121360 40.9 111.9 -41.1 
20121370 40.6 111.4 -40.7 
20121380 39.6 111.5 -40.4 
20121390 40.2 111.8 -41.0 
20121400 41.1 111.9 -40.7 
20121410 40.4 111.5 -43.0 
20121420 40.2 111.8 -38.9 
20121430 40.7 111.5 -41.2 
20121440 43.0 113.5 -44.8 
20121450 42.0 112.1 -37.7 
20121460 41.2 111.4 -39.3 
20121470 41.7 111.9 -40.6 
20121480 41.3 113.0 -35.7 
20121490 40.9 112.2 -43.0 
20121500 41.5 111.9 -43.4 
20121510 41.9 112.4 -43.5 
20121520 43.1 111.3 -42.1 
20121540 40.1 112.4 -41.8 
20121550 43.9 111.0 -41.7 
20121560 42.7 111.6 -42.1 
20121570 41.3 111.7 -43.2 
20121580 41.3 113.3 -44.0 
20121590 41.1 112.4 -43.8 
20121600 41.8 111.6 -44.2 
20121610 42.0 113.1 -44.1 
20121620 41.5 112.9 -41.9 
20121630 41.9 113.1 -44.4 
20121640 42.5 111.6 -46.5 
20121650 41.9 113.6 -45.1 
20121660 41.6 113.7 -44.6 
20121670 42.1 113.6 -44.8 
20121680 43.0 113.6 -46.7 
20121690 41.9 112.8 -42.8 
20121700 43.8 112.8 -45.0 
20121710 44.1 112.4 -42.4 
20121720 46.6 108.6 -40.5 
20121730 45.1 111.2 -39.5 
20121740 43.3 112.4 -46.7 
20121750 43.1 112.6 -41.7 
20121760 44.2 111.0 -40.7 
20121770 43.2 111.4 -42.9 
20121780 44.3 112.5 -42.5 
20121790 44.1 112.2 -42.4 
20121800 43.6 112.7 -43.3 
20121810 43.3 111.7 -43.8 
20121820 43.5 112.1 -47.1 
20121830 44.9 110.8 -43.6 
20121840 46.0 112.2 -41.1 
20121850 46.5 111.5 -40.0 
20121860 47.2 113.6 -43.5 
20121870 54.2 108.6 -47.3 
20121880 48.1 110.8 -47.7 
20121890 46.8 110.0 -43.5 
20121900 45.1 111.3 -41.6 
20121910 46.2 110.9 -42.1 
20121920 45.8 112.5 -45.3 
20121930 44.7 112.7 -47.9 
20121940 44.0 111.3 -42.4 
20121950 45.5 112.6 -45.1 
20121960 45.0 111.9 -45.9 
20121970 44.4 112.1 -42.6 
20121980 45.7 112.1 -43.3 
20121990 46.6 112.8 -43.2 
20122000 46.5 110.9 -43.1 
20122010 46.4 112.6 -38.0 
20122020 45.3 113.1 -40.3 
20122030 44.5 113.6 -41.5 
20122040 44.8 113.8 -47.7 
20122050 44.3 114.6 -42.0 
20122060 44.7 113.7 -40.3 
20122070 43.8 113.4 -49.2 
20122080 44.7 112.4 -43.0 
20122090 46.7 114.1 -44.0 
20122100 47.3 112.6 -45.4 
20122110 46.3 112.4 -49.4 
20122120 44.3 113.1 -44.7 
20122130 45.8 114.3 -43.6 
20122140 46.5 113.6 -45.2 
20122150 46.8 113.4 -45.6 
20122160 45.8 113.0 -40.6 
20122170 46.1 113.7 -39.3 
20122180 45.6 115.2 -38.0 
20122190 43.8 116.5 -35.1 
20122200 47.5 113.8 -41.7 
20122210 44.7 113.4 -34.9 
20122220 46.1 114.8 -38.3 
20122230 45.6 114.3 -40.1 
20122240 45.3 114.4 -36.7 
20122250 45.0 114.3 -36.3 
20122260 45.4 114.4 -41.0 
20122270 46.3 114.3 -42.7 
20122280 46.7 113.8 -38.9 
20122290 45.9 115.5 -39.9 
20122300 45.9 114.9 -38.7 
20122310 46.9 113.8 -40.6 
20122320 46.4 115.0 -41.8 
20122330 46.2 114.4 -39.3 
20122340 46.5 114.6 -42.1 
20122350 46.4 116.5 -37.9 
20122360 46.9 115.5 -41.3 
20122370 48.6 114.0 -42.1 
20122380 47.9 115.3 -36.8 
20122390 47.5 114.0 -40.7 
20122400 46.2 114.9 -38.8 
20122410 46.7 114.6 -42.2 
20122420 47.4 115.3 -40.0 
20122430 48.2 113.9 -39.5 
20122440 46.2 114.6 -43.2 
20122450 47.7 115.1 -41.5 
20122460 46.2 115.7 -41.0 
20122470 47.6 115.2 -41.8 
20122480 47.8 114.7 -45.5 
20122490 47.3 114.8 -39.6 
20122500 46.6 115.3 -42.9 
20122510 48.0 114.8 -44.9 
20122520 47.8 115.9 -42.1 
20122530 47.6 116.0 -45.9 
20122540 47.4 115.9 -41.5 
20122550 47.9 115.2 -42.1 
20122560 47.5 114.2 -37.5 
20122570 46.7 115.6 -35.2 
20122580 47.2 115.6 -39.8 
20122590 47.9 115.9 -40.0 
20122600 47.9 115.8 -42.7 
20122610 47.3 115.6 -41.9 
20122620 47.5 116.6 -44.2 
20122630 48.0 115.3 -42.3 
20122640 48.3 116.2 -43.0 
20122650 47.4 116.6 -40.2 
20122660 45.0 116.1 -36.5 
20122670 48.1 116.5 -42.7 
20122680 47.0 115.3 -42.5 
20122690 48.4 116.2 -41.8 
20122700 47.5 116.6 -42.8 
20122710 46.4 119.1 -41.5 
20122720 47.5 116.5 -41.1 
20122730 47.8 116.9 -43.7 
20122740 48.4 117.7 -44.5 
20122750 48.2 116.5 -39.3 
20122760 48.3 116.1 -42.5 
20122770 48.4 117.0 -42.7 
20122780 48.6 116.9 -42.5 
20122790 49.1 116.4 -43.1 
20122800 48.7 115.7 -42.8 
20122810 48.7 116.5 -41.2 
20122820 49.1 117.0 -42.0 
20122830 47.7 116.2 -43.4 
20122840 48.5 116.7 -41.3 
20122850 49.1 117.6 -42.9 
20122860 49.0 116.7 -38.8 
20122870 49.4 117.7 -42.5 
20122880 49.4 117.0 -39.5 
20122890 50.1 117.2 -42.2 
20122900 49.1 117.7 -40.3 
20122910 48.9 117.3 -39.4 
20122920 49.2 117.7 -42.9 
20122930 49.5 117.4 -43.7 
20122940 49.0 117.6 -39.7 
20122950 49.2 118.2 -43.6 
20122960 50.2 117.6 -45.1 
20122970 50.1 116.0 -39.0 
20122980 50.4 117.1 -42.6 
20122990 50.1 116.8 -39.2 
20123000 51.7 116.5 -41.7 
20123010 50.1 117.1 -40.4 
20123020 50.0 117.5 -35.7 
20123030 49.6 117.0 -38.6 
20123040 50.7 116.9 -41.3 
20123050 50.4 118.1 -40.9 
20123060 51.2 117.2 -44.2 
20123070 50.7 117.3 -41.9 
20123080 51.4 117.1 -47.7 
20123090 50.2 116.9 -44.9 
20123100 50.2 116.6 -43.6 
20123110 50.4 117.1 -42.9 
20123120 50.1 118.7 -45.5 
20123130 50.3 117.0 -41.6 
20123140 50.8 117.7 -43.1 
20123150 50.4 117.6 -41.1 
20123160 51.5 118.0 -40.3 
20123170 50.5 117.9 -41.8 
20123190 51.1 117.3 -42.3 
20123200 50.8 117.7 -42.4 
20123210 50.9 118.4 -41.2 
20123220 51.5 117.9 -39.4 
20123230 51.1 118.0 -41.0 
20123240 51.2 117.5 -42.1 
20123250 51.8 118.2 -42.6 
20123260 51.1 116.3 -45.0 
20123270 51.7 118.3 -41.6 
20123280 51.5 117.9 -43.2 
20123290 51.5 117.7 -41.9 
20123300 51.3 117.6 -40.2 
20123310 51.8 117.7 -39.9 
20123320 52.3 118.1 -40.0 
20123340 51.8 117.8 -43.2 
20123350 52.3 118.4 -40.2 
20123360 51.6 118.3 -39.6 
20123370 52.3 118.2 -41.4 
20123380 51.4 118.7 -39.4 
20123390 51.3 118.5 -39.1 
20123400 52.4 118.5 -44.4 
20123410 51.2 118.3 -39.9 
20123420 51.3 118.2 -38.0 
20123430 50.8 119.2 -38.0 
20123440 50.2 118.4 -35.7 
20123450 51.6 119.9 -45.2 
20123460 51.9 121.1 -43.1 
20123470 50.8 122.5 -55.6 
20123480 52.4 118.2 -46.3 
20123490 52.9 119.0 -43.2 
20123500 54.5 118.2 -44.5 
20123510 52.8 118.9 -46.1 
20123520 52.9 119.4 -43.4 
20123530 53.5 120.0 -42.7 
20123540 53.2 119.3 -41.6 
20123560 53.7 119.4 -43.1 
20123570 53.2 119.6 -34.8 
20123660 54.0 120.4 -43.4 
20130010 53.2 120.4 -39.3 
20130020 53.6 120.2 -43.6 
20130030 53.7 119.6 -44.0 
20130040 53.7 120.2 -42.7 
20130050 56.1 120.9 -45.0 
20130060 53.5 121.4 -44.0 
20130070 53.6 120.9 -40.3 
20130080 54.8 120.9 -47.3 
20130090 54.7 121.5 -49.7 
20130100 54.8 119.2 -45.0 
20130160 54.4 121.8 -44.7 
20130170 54.2 121.0 -39.8 
20130180 54.7 121.3 -41.5 
20130190 55.6 121.0 -39.2 
20130200 56.1 121.2 -38.5 
20130210 54.4 123.4 -40.3 
20130220 52.5 121.7 -37.0 
20130230 52.6 121.8 -36.0 
20130240 53.4 121.1 -32.8 
20130250 52.1 119.7 -30.4 
20130260 52.4 119.0 -34.0 
20130270 52.7 118.9 -36.0 
20130280 55.5 120.7 -50.4 
20130290 55.3 121.2 -53.6 
20130300 56.3 120.7 -44.8 
20130310 56.0 120.3 -42.3 
20130320 56.1 120.9 -43.3 
20130330 55.4 121.7 -42.7 
20130340 55.3 120.9 -41.6 
20130350 55.2 121.2 -42.3 
20130360 56.2 120.6 -44.2 
20130370 56.1 121.0 -46.3 
20130380 55.8 121.4 -38.1 
20130390 55.1 121.0 -36.7 
20130400 54.9 121.9 -35.2 
20130410 55.6 122.0 -33.8 
20130420 55.3 122.6 -36.0 
20130430 56.4 122.0 -39.3 
20130440 56.4 122.5 -46.5 
20130450 54.9 121.0 -56.2 
20130460 56.2 120.4 -49.6 
20130490 56.7 121.7 -42.2 
20130500 55.9 120.3 -42.6 
20130660 58.0 122.4 -40.1 
20130670 57.8 122.4 -41.3 
20130680 58.3 122.6 -40.4 
20130690 56.1 120.4 -36.8 
20130730 58.2 122.7 -38.0 
20130740 58.3 123.4 -39.8 
20130750 58.5 123.0 -41.7 
20130760 59.2 122.7 -40.1 
20130770 58.1 123.1 -40.9 
20130780 57.5 121.8 -39.0 
20130790 58.3 122.5 -38.3 
20130800 56.9 123.5 -39.6 
20130810 58.3 123.2 -40.4 
20130820 58.8 122.8 -42.0 
20130830 58.5 124.0 -39.2 
20130840 59.3 123.8 -40.0 
20130850 59.3 123.3 -36.5 
20130860 59.6 122.6 -38.1 
20130870 59.6 124.2 -43.6 
20130880 59.3 123.7 -40.7 
20130890 59.3 123.1 -39.2 
20130900 58.8 122.5 -54.0 
20130910 59.4 123.4 -41.4 
20130920 60.3 123.4 -36.9 
20130930 59.4 123.6 -40.5 
20130950 59.5 123.9 -43.5 
20130960 59.5 124.1 -42.9 
20130970 59.8 124.0 -42.7 
20130980 60.2 123.8 -41.5 
20130990 61.0 124.0 -39.6 
20131000 60.5 124.7 -46.9 
20131010 59.7 123.2 -43.1 
20131020 59.7 124.3 -43.1 
20131030 59.8 124.1 -45.4 
20131050 60.2 123.9 -45.2 
20131060 61.4 124.1 -42.8 
20131070 60.2 124.4 -40.4 
20131080 60.1 124.8 -45.3 
20131090 60.6 124.1 -41.2 
20131100 61.0 125.6 -32.2 
20131110 58.7 123.3 -39.0 
20131120 61.4 123.4 -44.3 
20131130 61.5 123.5 -42.9 
20131140 59.9 124.6 -41.3 
20131150 60.2 123.7 -41.5 
20131160 61.5 123.9 -41.6 
20131170 62.1 123.8 -41.5 
20131180 62.7 123.9 -44.2 
20131190 60.9 124.0 -42.1 
20131210 61.2 124.6 -41.9 
20131220 61.1 124.3 -45.0 
20131230 61.1 123.7 -42.2 
20131240 62.0 125.0 -42.7 
20131250 62.1 124.1 -44.5 
20131260 62.3 124.4 -43.2 
20131270 61.0 124.3 -47.3 
20131290 63.5 124.1 -42.7 
20131300 56.2 119.5 -22.8 
20131640 63.4 125.8 -44.3 
20131650 64.8 125.7 -41.2 
20131660 63.2 127.8 -47.7 
20131670 64.0 126.3 -43.1 
20131680 64.0 126.2 -40.6 
20131690 64.8 125.6 -44.8 
20131700 64.5 126.0 -40.4 
20131720 65.8 125.8 -41.1 
20131730 64.2 126.2 -42.8 
20131740 65.9 125.6 -43.3 
20131750 65.2 125.6 -39.5 
20131760 65.2 125.9 -43.2 
20131770 64.3 126.1 -42.0 
20131780 64.3 125.2 -47.1 
20131790 64.5 126.3 -42.2 
20131800 64.6 126.9 -43.9 
20131810 66.2 127.2 -42.4 
20131820 65.4 127.2 -42.5 
20131830 63.9 126.8 -42.3 
20131840 68.1 125.1 -39.6 
20131850 64.8 126.7 -41.5 
20131860 64.7 126.9 -42.9 
20131870 66.2 128.0 -42.6 
20131880 67.2 126.0 -39.4 
20131890 65.9 126.4 -39.4 
20131900 66.9 125.7 -37.7 
20131910 64.2 127.1 -44.7 
20131920 65.6 129.7 -43.7 
20131930 65.2 127.7 -41.6 
20131940 64.9 125.3 -40.5 
20131950 66.1 127.2 -39.4 
20131960 66.4 126.4 -43.8 
20131970 65.5 127.4 -42.3 
20131980 65.7 127.5 -42.8 
20131990 67.2 125.7 -37.2 
20132000 66.1 126.0 -40.4 
20132010 66.6 127.2 -40.4 
20132020 66.1 127.0 -39.9 
20132030 67.3 126.2 -39.7 
20132040 67.0 127.0 -39.6 
20132050 66.0 120.3 -235.5 
20132060 67.4 126.4 -40.1 
20132070 66.1 126.6 -39.0 
20132080 66.7 126.0 -42.7 
20132090 67.1 126.8 -40.5 
20132100 65.2 126.9 -42.3 
20132110 66.9 126.6 -37.8 
20132120 67.5 126.2 -41.7 
20132130 66.8 126.3 -44.1 
20132140 67.4 125.3 -38.0 
20132150 67.4 125.7 -40.6 
20132160 68.2 127.7 -48.5 
20132170 67.4 127.5 -39.7 
20132180 67.1 127.8 -43.2 
20132190 67.1 126.9 -41.8 
20132200 68.6 126.2 -42.4 
20132210 69.1 125.3 -41.0 
20132220 67.8 127.3 -41.7 
20132230 67.5 127.4 -41.5 
20132240 67.8 127.5 -35.5 
20132260 66.4 126.4 -39.6 
20132270 67.0 127.5 -41.1 
20132280 69.0 127.4 -43.5 
20132290 68.3 127.6 -43.7 
20132300 69.2 127.3 -40.7 
20132310 70.9 127.3 -48.2 
20132330 67.6 127.7 -45.1 
20132340 68.0 127.6 -42.6 
20132350 68.1 128.7 -42.3 
20132360 67.9 128.0 -39.7 
20132370 69.1 127.8 -42.5 
20132380 68.6 127.9 -42.0 
20132390 68.7 127.8 -42.7 
20132400 67.6 127.4 -42.9 
20132420 68.1 126.9 -42.5 
20132430 67.9 128.7 -43.0 
20132440 69.2 129.2 -43.8 
20132450 67.6 128.7 -43.0 
20132460 69.5 129.2 -48.9 
20132470 69.7 128.5 -41.3 
20132480 68.2 128.5 -43.9 
20132490 69.0 128.8 -43.3 
20132500 68.8 127.9 -40.6 
20132510 69.2 128.9 -42.3 
20132520 68.8 129.7 -43.7 
20132530 69.6 127.4 -38.8 
20132540 69.5 129.7 -43.2 
20132550 69.2 129.3 -43.7 
20132560 67.3 129.5 -43.2 
20132570 67.3 128.4 -46.8 
20132580 69.2 129.1 -41.0 
20132590 69.2 129.5 -42.0 
20132600 69.0 128.4 -44.0 
20132610 70.0 128.8 -44.5 
20132620 69.5 128.8 -41.4 
20132630 68.7 128.8 -47.2 
20132640 69.2 129.5 -47.8 
20132650 69.6 128.9 -44.4 
20132660 68.4 131.3 -42.1 
20132670 69.6 127.9 -44.0 
20132680 69.7 129.4 -40.6 
20132690 70.5 130.5 -43.6 
20132700 69.7 132.8 -51.2 
20132710 70.0 130.6 -36.8 
20132720 69.8 131.1 -44.2 
20132730 70.3 130.3 -43.5 
20132740 69.8 130.7 -42.7 
20132750 70.3 130.4 -40.1 
20132760 71.0 131.0 -44.6 
20132770 70.9 130.5 -43.0 
20132780 70.8 130.6 -43.1 
20132790 71.2 130.9 -44.2 
20132800 72.1 130.8 -36.9 
20132810 70.9 131.1 -43.4 
20132820 71.6 130.6 -45.0 
20132830 71.2 130.5 -42.1 
20132840 71.1 131.2 -43.1 
20132850 70.2 130.6 -41.9 
20132860 71.0 130.7 -40.0 
20132870 71.0 131.3 -42.6 
20132880 70.9 130.7 -42.7 
20132890 71.2 130.9 -43.5 
20132900 70.7 130.6 -45.3 
20132910 71.1 129.9 -42.7 
20132920 71.4 130.9 -43.4 
20132930 70.7 131.0 -46.3 
20132940 70.5 130.7 -43.7 
20132950 71.6 131.3 -45.8 
20132960 71.8 131.2 -44.6 
20132970 71.5 131.2 -44.0 
20132980 71.4 131.0 -43.9 
20132990 71.7 130.3 -43.7 
20133000 72.9 130.5 -41.5 
20133010 71.9 131.2 -45.6 
20133020 71.9 131.0 -41.4 
20133030 72.0 131.5 -47.5 
20133040 71.3 130.7 -43.9 
20133050 71.7 131.5 -43.2 
20133060 72.9 131.6 -43.3 
20133070 71.7 131.2 -43.7 
20133080 72.9 130.9 -45.2 
20133090 72.9 131.6 -43.4 
20133100 72.4 130.9 -45.3 
20133110 71.4 131.4 -43.3 
20133120 72.5 131.2 -45.8 
20133130 72.1 131.9 -47.1 
20133140 72.7 131.3 -43.4 
20133150 72.0 131.6 -42.2 
20133160 72.6 131.9 -46.6 
20133170 73.6 130.5 -46.9 
20133180 72.3 131.7 -43.7 
20133190 72.6 132.1 -40.9 
20133200 72.3 131.4 -45.4 
20133210 72.2 131.7 -37.9 
20133220 71.9 132.0 -42.8 
20133240 73.1 131.9 -44.4 
20133250 73.0 131.4 -43.4 
20133260 72.7 132.4 -42.4 
20133270 73.3 133.1 -41.3 
20133280 73.3 132.3 -40.6 
20133290 73.3 132.1 -40.5 
20133300 73.4 133.0 -41.1 
20133310 72.7 132.1 -41.4 
20133320 72.8 133.0 -43.2 
20133330 73.7 132.3 -38.2 
20133340 72.6 132.7 -40.3 
20133350 73.5 133.1 -40.1 
20133360 72.9 132.2 -41.6 
20133370 73.5 132.5 -40.2 
20133380 73.1 132.5 -40.7 
20133390 73.6 132.0 -44.9 
20133400 74.2 132.6 -42.8 
20133410 76.6 132.8 -36.7 
20133420 73.8 132.9 -42.0 
20133430 71.8 132.9 -40.8 
20133440 73.3 133.2 -42.0 
20133450 74.4 132.4 -40.0 
20133460 74.0 132.7 -41.5 
20133470 74.7 132.6 -41.6 
20133480 73.4 133.0 -41.2 
20133490 74.2 133.5 -38.9 
20133500 74.3 132.8 -42.4 
20133510 74.3 132.7 -41.5 
20133520 74.3 133.0 -40.8 
20133530 74.6 132.5 -42.5 
20133540 73.9 133.2 -38.3 
20133550 75.2 133.0 -42.5 
20133560 74.7 133.8 -41.7 
20133650 74.9 134.4 -42.3 
20140010 74.7 133.8 -41.7 
20140020 74.3 134.0 -41.6 
20140030 74.8 134.0 -45.2 
20140040 75.1 133.4 -42.5 
20140050 74.4 133.8 -42.6 
20140060 75.6 133.8 -46.1 
20140070 75.3 134.2 -40.9 
20140080 75.4 133.7 -41.9 
20140090 74.8 134.2 -40.0 
20140100 75.9 133.7 -43.0 
20140110 75.9 134.5 -39.6 
20140120 75.2 134.1 -40.5 
20140130 76.0 133.7 -40.0 
20140140 76.1 134.5 -39.9 
20140150 76.5 132.0 -41.3 
20140160 78.0 133.0 -42.2 
20140170 75.5 134.4 -39.8 
20140180 76.5 133.9 -42.4 
20140190 76.3 134.1 -39.5 
20140200 74.8 135.7 -40.6 
20140210 74.8 135.7 -39.8 
20140230 72.9 134.4 -32.5 
20140250 72.2 135.4 -32.7 
20140260 72.6 133.8 -32.0 
20140270 73.5 132.4 -33.7 
20140280 73.6 133.7 -34.1 
20140290 74.3 135.0 -33.8 
20140300 75.8 136.0 -34.6 
20140310 76.2 135.8 -31.9 
20140640 78.8 135.9 -41.3 
20140650 78.7 136.1 -42.2 
20140660 79.6 136.6 -44.2 
20140670 79.1 137.2 -39.7 
20140680 79.9 136.1 -41.0 
20140690 79.5 136.8 -43.0 
20140700 80.6 137.3 -39.2 
20140710 80.0 135.7 -42.5 
20140720 79.7 136.7 -42.9 
20140730 79.8 137.9 -39.1 
20140740 79.7 137.2 -39.9 
20140750 81.7 134.8 -37.3 
20140760 78.7 136.6 -44.9 
20140770 79.4 135.6 -40.6 
20140780 80.3 137.6 -40.0 
20140800 80.0 136.2 -40.9 
20140810 79.7 137.0 -43.6 
20140820 82.6 136.3 -41.7 
20140830 79.7 136.4 -40.6 
20140840 81.1 136.6 -41.0 
20140850 79.3 136.8 -40.3 
20140860 81.1 137.2 -38.5 
20140870 82.8 136.5 -40.0 
20140880 80.8 137.5 -44.6 
20140890 81.8 137.2 -40.3 
20140900 81.1 136.5 -38.5 
20140910 81.8 140.2 -47.7 
20140920 81.2 136.8 -44.3 
20140930 81.4 136.1 -38.2 
20140940 81.5 136.7 -39.9 
20140950 81.1 137.1 -36.5 
20140960 82.0 136.5 -40.3 
20140980 81.7 138.0 -43.2 
20140990 81.8 136.5 -41.2 
20141020 82.5 137.4 -40.2 
20141030 82.5 137.4 -43.2 
20141040 81.2 137.9 -41.6 
20141060 80.3 137.5 -38.1 
20141070 82.1 137.0 -44.0 
20141090 82.0 136.1 -38.5 
20141100 81.9 137.2 -39.9 
20141110 83.3 137.9 -40.0 
20141120 83.0 138.3 -43.1 
20141140 83.0 138.4 -41.2 
20141150 82.9 137.1 -42.5 
20141160 81.9 137.4 -41.2 
20141170 81.5 137.8 -39.3 
20141180 83.6 136.6 -42.7 
20141190 82.4 138.3 -41.7 
20141210 82.1 137.3 -42.4 
20141220 81.7 138.5 -45.3 
20141230 83.3 137.4 -41.1 
20141240 82.8 137.3 -40.5 
20141250 82.3 138.6 -42.4 
20141260 83.2 137.9 -44.2 
20141270 83.4 138.2 -40.0 
20141310 83.3 138.4 -43.6 
20141320 83.7 137.3 -42.6 
20141330 79.3 138.3 -43.4 
20141340 85.1 137.0 -39.5 
20141350 84.3 137.0 -41.5 
20141360 82.2 137.5 -37.6 
20141370 82.6 139.0 -41.3 
20141380 83.8 138.6 -44.9 
20141390 82.7 138.3 -41.0 
20141400 84.3 137.9 -38.1 
20141410 83.6 139.0 -41.6 
20141420 84.4 139.3 -41.0 
20141430 85.3 139.7 -41.5 
20141440 84.2 138.4 -45.2 
20141450 85.5 139.2 -43.3 
20141470 82.4 137.8 -45.7 
20141480 84.4 137.9 -45.0 
20141490 85.3 138.3 -40.2 
20141500 85.4 138.4 -40.4 
20141510 84.2 139.3 -42.0 
20141520 85.0 139.1 -40.3 
20141530 84.1 140.1 -42.4 
20141540 85.6 139.3 -39.0 
20141550 85.2 140.4 -41.9 
20141560 84.1 139.0 -43.3 
20141570 85.9 139.6 -42.6 
20141580 86.2 139.1 -37.6 
20141600 86.2 138.9 -46.3 
20141610 85.0 138.3 -45.1 
20141620 83.4 139.1 -45.0 
20141630 85.2 139.5 -40.8 
20141640 85.1 139.4 -46.3 
20141650 84.8 138.5 -41.5 
20141660 83.2 139.9 -38.4 
20141670 85.8 139.8 -41.4 
20141680 84.0 138.9 -39.5 
20141700 84.7 138.8 -41.2 
20141710 84.8 140.1 -45.5 
20141720 85.2 140.0 -42.3 
20141740 87.2 141.1 -45.8 
20141750 87.2 139.8 -41.6 
20141760 83.6 140.2 -40.9 
20141770 85.3 139.7 -42.6 
20141780 85.7 140.3 -42.7 
20141790 85.3 140.0 -41.7 
20141800 84.2 140.3 -45.6 
20141820 85.5 139.5 -41.9 
20141840 84.7 139.8 -41.8 
20141850 85.2 140.1 -44.4 
20141860 85.2 139.9 -43.2 
20141870 87.5 139.6 -41.0 
20141880 88.6 140.9 -43.8 
20141900 85.2 140.1 -44.7 
20141920 87.6 139.6 -44.1 
20141930 86.2 140.3 -41.7 
20141940 87.0 139.7 -40.2 
20141950 87.0 138.4 -38.2 
20141960 85.1 140.5 -44.0 
20141970 86.7 140.3 -44.1 
20141980 88.5 141.0 -43.6 
20141990 86.9 140.3 -39.8 
20142000 86.9 140.4 -42.2 
20142010 86.5 140.4 -35.3 
20142020 86.8 139.6 -40.2 
20142030 88.8 141.3 -41.7 
20142040 87.6 142.0 -37.6 
20142050 87.1 140.5 -40.3 
20142060 87.1 139.4 -35.6 
20142070 86.4 140.5 -41.3 
20142080 86.9 141.6 -43.5 
20142090 88.6 140.8 -39.0 
20142100 88.1 141.5 -38.5 
20142110 87.6 140.7 -38.8 
20142120 87.5 139.8 -41.4 
20142130 90.9 140.6 -46.1 
20142140 86.7 140.1 -40.4 
20142150 89.6 143.7 -42.7 
20142160 88.5 139.3 -41.3 
20142170 88.7 140.5 -41.2 
20142180 87.9 141.6 -42.8 
20142190 88.0 140.3 -42.3 
20142220 88.1 142.5 -40.5 
20142230 88.6 140.0 -38.4 
20142240 90.0 141.3 -40.3 
20142250 88.8 140.3 -38.0 
20142280 88.7 142.7 -44.9 
20142290 88.6 141.2 -44.0 
20142300 90.2 141.9 -45.0 
20142310 89.3 141.6 -42.6 
20142320 88.3 142.2 -42.3 
20142330 90.8 143.1 -46.2 
20142340 88.9 142.5 -41.5 
20142360 89.8 142.6 -41.7 
20142380 91.9 142.7 -43.8 
20142390 89.4 141.7 -41.8 
20142680 88.1 143.8 -47.3 
20142690 90.6 143.7 -45.5 
20142700 90.7 144.6 -45.4 
20142710 91.4 143.2 -43.6 
20142730 90.4 144.1 -44.7 
20142740 91.3 143.5 -44.9 
20142760 90.7 143.4 -44.3 
20142770 91.8 143.9 -44.5 
20142780 91.9 144.6 -44.0 
20142790 91.3 143.9 -43.5 
20142800 91.1 144.1 -44.0 
20142820 91.7 144.2 -45.6 
20142830 91.3 143.4 -45.5 
20142840 92.0 143.3 -47.6 
20142850 91.7 144.2 -44.9 
20142860 93.5 144.8 -46.4 
20142870 91.9 143.5 -47.9 
20142880 92.8 142.6 -44.5 
20142890 92.4 144.2 -40.8 
20142900 91.8 143.7 -43.5 
20142920 91.9 144.3 -47.2 
20142930 91.3 144.2 -42.3 
20142940 93.3 144.3 -47.6 
20142950 92.8 144.1 -43.0 
20142960 90.5 143.5 -40.8 
20142970 92.2 144.3 -43.4 
20142980 92.5 145.0 -41.4 
20142990 92.9 144.9 -49.6 
20143000 90.9 144.3 -42.8 
20143020 93.3 144.5 -48.4 
20143030 94.5 144.9 -43.1 
20143040 93.1 145.2 -46.6 
20143050 92.9 145.5 -46.1 
20143060 96.0 144.6 -44.8 
20143070 93.1 144.8 -42.1 
20143080 92.4 145.4 -45.3 
20143090 93.4 145.3 -41.7 
20143100 93.7 145.5 -45.8 
20143110 92.4 145.0 -45.2 
20143120 93.3 145.6 -46.0 
20143130 93.5 145.1 -44.6 
20143140 92.9 146.3 -46.1 
20143150 94.0 145.8 -45.3 
20143170 93.9 145.2 -50.2 
20143180 94.2 146.3 -45.9 
20143190 94.5 145.9 -47.4 
20143200 93.3 144.8 -40.8 
20143210 95.0 145.8 -46.7 
20143220 94.4 145.4 -44.5 
20143230 93.8 146.0 -45.3 
20143240 93.9 145.8 -44.3 
20143250 94.6 143.8 -49.0 
20143270 94.1 145.8 -44.5 
20143280 94.4 145.5 -42.8 
20143290 94.6 145.7 -43.9 
20143300 98.5 146.7 -45.5 
20143310 94.4 145.7 -45.2 
20143320 94.7 146.5 -42.9 
20143330 95.2 146.3 -47.5 
20143340 94.6 145.7 -44.0 
20143350 96.9 147.9 -53.9 
20143360 97.0 149.4 -59.2 
20143370 95.2 147.7 -48.3 
20143380 95.0 146.3 -41.5 
20143390 94.5 146.4 -44.2 
20143400 94.2 146.0 -44.4 
20143410 95.7 146.9 -45.5 
20143420 95.3 146.5 -45.2 
20143430 95.9 146.8 -46.9 
20143440 96.4 146.7 -49.1 
20143460 94.5 146.7 -43.2 
20143470 95.1 146.1 -44.5 
20143490 95.2 146.8 -45.6 
20143510 95.8 146.7 -46.4 
20143520 95.7 146.7 -49.4 
20143540 93.2 147.0 -47.0 
20143550 95.3 146.9 -47.7 
20143560 95.4 146.6 -47.0 
20143650 96.2 146.8 -40.6 
20150150 97.5 148.3 -44.9 
20150160 98.3 147.9 -47.3 
20150170 97.6 148.4 -44.5 
20150180 97.3 148.4 -45.8 
