20101200 0.0 0.0 0.0 
20101210 5.8 -5.0 12.9 
20101220 4.9 -1.6 3.6 
20101230 2.0 -0.4 9.4 
20101240 -109.0 24.4 -13.7 
20101250 3.3 0.4 9.9 
20101260 5.0 -1.9 1.6 
20101270 1.6 -1.3 9.0 
20101280 4.6 -1.5 2.1 
20101300 4.0 -1.6 2.2 
20101310 6.7 -0.9 8.6 
20101320 6.1 -4.3 2.6 
20101330 3.7 -0.3 8.8 
20101340 2.9 -2.1 -0.3 
20101350 4.2 -0.2 3.0 
20101360 0.9 -0.5 12.0 
20101370 3.2 2.3 8.6 
20101380 5.6 0.4 14.7 
20101390 5.2 -1.4 -0.3 
20101400 4.3 -0.2 -1.3 
20101410 5.0 0.3 18.0 
20101420 110.9 -16.7 40.6 
20101470 33.7 -4.3 -52.6 
20101510 5.0 0.7 5.0 
20101520 4.8 -0.5 7.3 
20101530 6.0 1.2 14.7 
20101540 3.1 -0.2 14.4 
20101550 2.3 -1.3 12.2 
20101560 3.9 -1.3 10.0 
20101570 5.4 -0.8 13.4 
20101580 5.4 -0.9 8.6 
20101590 3.8 -1.2 9.6 
20101600 7.4 2.2 1.3 
20101610 5.1 1.6 9.3 
20101620 5.3 0.1 11.5 
20101630 5.5 -0.8 10.7 
20101640 4.7 0.5 6.3 
20101650 5.4 0.0 4.6 
20101660 5.4 0.1 6.9 
20101670 6.9 0.4 10.4 
20101680 6.2 -0.4 7.7 
20101690 5.1 0.8 9.3 
20101700 6.9 -0.6 9.4 
20101710 6.4 0.4 11.9 
20101720 4.6 -0.1 10.8 
20101730 6.2 0.9 7.3 
20101740 6.5 0.7 6.8 
20101750 6.9 -1.0 6.8 
20101760 6.9 0.6 2.9 
20101770 8.1 0.6 3.1 
20101780 6.5 0.2 6.9 
20101790 6.9 0.4 4.9 
20101800 6.4 1.4 0.2 
20101810 6.4 1.4 8.0 
20101820 7.2 -1.0 0.9 
20101830 6.8 1.5 12.4 
20101840 7.1 0.7 16.4 
20101850 5.6 -0.7 0.3 
20101860 6.9 0.9 4.3 
20101870 6.1 -0.1 -0.7 
20101880 7.6 2.0 5.2 
20101890 7.4 1.1 1.9 
20101900 5.8 1.7 9.2 
20101910 7.9 1.6 11.5 
20101920 7.8 3.6 10.9 
20101930 7.4 3.1 4.8 
20101940 7.4 0.7 14.7 
20101950 8.4 2.4 4.9 
20101960 6.3 2.0 16.1 
20101970 8.1 3.0 5.5 
20101980 8.2 0.5 7.4 
20101990 6.0 1.8 7.3 
20102000 6.8 1.5 6.1 
20102010 7.3 0.5 8.3 
20102020 7.4 0.1 9.3 
20102030 6.9 2.9 8.5 
20102040 6.9 1.3 14.5 
20102050 5.5 2.2 4.3 
20102060 7.4 0.8 8.2 
20102070 8.3 2.1 7.7 
20102080 7.0 1.1 6.2 
20102090 6.1 0.9 13.8 
20102100 8.9 -0.1 6.3 
20102110 7.4 1.7 4.8 
20102120 9.4 0.4 5.3 
20102130 7.6 2.0 9.7 
20102140 8.1 1.4 10.0 
20102150 7.7 2.1 9.7 
20102160 7.4 1.7 6.8 
20102170 8.6 1.5 8.2 
20102180 7.9 2.2 14.1 
20102190 7.5 1.4 12.3 
20102200 7.8 1.3 9.2 
20102210 8.0 1.7 7.9 
20102220 7.8 2.4 9.8 
20102230 8.3 1.8 8.6 
20102240 9.1 1.9 8.9 
20102250 7.4 1.1 11.7 
20102260 9.0 3.0 6.8 
20102270 10.2 0.1 8.5 
20102280 8.1 0.9 3.4 
20102290 9.1 1.5 8.8 
20102300 7.9 1.8 5.7 
20102310 8.4 2.5 4.7 
20102320 7.7 2.6 4.8 
20102330 8.6 1.9 12.4 
20102340 9.4 2.6 8.2 
20102350 9.4 2.0 8.6 
20102360 8.9 1.6 6.1 
20102370 8.8 2.7 7.9 
20102380 9.0 2.2 6.6 
20102390 9.8 1.2 8.9 
20102400 9.7 4.0 -6.6 
20102410 11.3 2.7 -3.9 
20102420 10.0 2.7 6.1 
20102430 10.4 4.6 9.4 
20102440 9.5 1.6 13.7 
20102450 10.5 2.1 7.7 
20102460 8.8 1.8 8.1 
20102470 10.1 2.4 9.2 
20102480 9.8 2.5 5.8 
20102490 10.6 2.2 4.8 
20102500 8.8 1.5 5.4 
20102510 10.8 1.3 9.3 
20102520 8.9 2.8 7.4 
20102530 9.8 3.7 4.1 
20102540 9.9 1.4 4.2 
20102550 9.8 1.7 5.8 
20102560 11.0 3.3 7.4 
20102570 11.5 2.0 11.9 
20102580 10.3 2.5 11.9 
20102590 10.6 2.5 10.9 
20102600 11.2 3.5 3.7 
20102610 12.4 3.2 3.8 
20102620 10.7 2.3 2.4 
20102630 10.6 3.5 8.3 
20102640 8.8 2.4 9.1 
20102650 11.1 3.5 8.0 
20102660 11.9 3.4 8.6 
20102670 11.1 3.1 4.4 
20102680 12.4 3.8 6.5 
20102690 12.9 3.3 6.2 
20102700 12.0 3.5 6.9 
20102710 10.5 3.1 10.2 
20102720 11.8 3.7 11.7 
20102730 12.3 3.0 11.2 
20102740 12.3 3.5 5.0 
20102750 11.1 4.2 7.7 
20102760 14.8 4.4 10.8 
20102770 12.6 2.1 16.2 
20102780 11.9 3.1 13.0 
20102790 10.6 4.2 13.2 
20102800 11.3 2.1 14.1 
20102810 11.9 3.3 7.3 
20102820 13.0 3.2 10.8 
20102830 10.4 3.7 1.8 
20102840 10.9 1.2 11.1 
20102850 11.1 2.6 10.8 
20102860 11.5 2.8 9.4 
20102870 11.5 2.7 11.5 
20102880 11.9 2.9 6.8 
20102890 12.5 3.8 9.6 
20102900 10.7 4.4 5.7 
20102910 13.6 3.4 8.8 
20102920 12.4 4.0 6.7 
20102930 11.9 3.2 6.3 
20102940 12.6 4.3 10.9 
20102950 12.6 4.0 10.6 
20102960 13.0 4.1 11.4 
20102970 12.3 5.6 3.4 
20102980 12.9 4.2 4.9 
20102990 13.4 4.0 11.2 
20103000 12.4 4.1 11.4 
20103010 13.1 3.0 12.4 
20103020 12.7 3.1 12.3 
20103030 12.0 4.9 11.5 
20103040 12.5 4.4 10.5 
20103050 14.4 4.3 5.7 
20103060 12.2 4.7 7.9 
20103070 13.5 4.2 11.2 
20103080 12.2 2.9 16.1 
20103090 12.4 4.1 15.0 
20103100 13.2 4.8 8.4 
20103110 13.0 6.3 6.7 
20103120 14.1 4.6 12.3 
20103130 13.9 5.9 8.9 
20103140 14.4 5.7 8.2 
20103150 13.7 5.5 9.2 
20103160 10.9 5.1 7.4 
20103170 13.4 5.2 14.8 
20103180 14.2 6.4 2.9 
20103190 16.4 3.7 9.9 
20103200 14.9 4.6 5.2 
20103210 14.5 7.2 8.2 
20103220 13.7 5.8 4.3 
20103230 13.7 5.2 3.1 
20103250 13.7 6.4 6.5 
20103260 16.0 3.3 12.7 
20103270 12.5 6.2 7.3 
20103280 13.4 6.3 6.7 
20103290 14.3 6.1 13.4 
20103300 14.6 6.6 8.0 
20103310 15.0 6.9 8.1 
20103320 15.2 7.4 11.0 
20103330 15.4 7.9 15.7 
20103340 14.8 5.8 11.8 
20103350 15.3 7.5 8.2 
20103360 15.7 8.5 -2.4 
20103370 15.0 8.2 1.2 
20103380 15.4 7.6 -0.4 
20103390 15.7 8.1 -0.4 
20103400 16.3 7.2 -4.2 
20103410 14.9 3.3 5.2 
20103420 14.4 6.9 11.8 
20103430 15.6 6.7 9.6 
20103440 15.9 6.3 11.4 
20103450 16.1 6.4 -0.3 
20103460 12.6 7.7 -0.9 
20103470 15.4 6.1 10.8 
20103480 16.9 4.6 11.2 
20103490 16.1 5.6 8.0 
20103500 17.0 5.6 9.5 
20103510 16.9 6.0 10.1 
20103520 17.9 6.7 10.6 
20103530 17.2 6.8 8.6 
20103540 15.2 6.3 13.2 
20110120 14.6 6.4 10.6 
20110130 16.8 8.7 5.4 
20110140 14.8 7.2 11.8 
20110150 17.4 7.5 9.7 
20110160 16.8 8.1 10.5 
20110170 16.1 9.1 5.7 
20110200 18.0 9.5 1.5 
20110210 17.8 8.6 10.8 
20110220 18.1 8.5 9.1 
20110230 17.9 8.9 7.4 
20110240 17.5 8.6 7.8 
20110250 16.2 9.6 -1.3 
20110260 17.8 8.7 5.1 
20110270 17.6 10.0 11.4 
20110320 18.2 9.0 4.5 
20110330 18.0 8.9 4.1 
20110340 18.0 9.4 0.3 
20110350 17.9 9.1 0.4 
20110360 18.3 9.2 12.8 
20110370 18.0 9.3 6.5 
20110380 18.0 10.1 9.3 
20110390 18.0 11.0 5.4 
20110400 19.7 10.6 7.9 
20110410 18.0 9.3 8.3 
20110420 18.6 10.9 5.3 
20110430 18.2 10.6 7.6 
20110440 18.4 10.4 10.1 
20110450 18.8 9.5 7.5 
20110460 19.3 10.5 10.1 
20110470 19.9 10.3 9.8 
20110480 19.1 9.4 10.4 
20110490 19.4 10.1 11.4 
20110500 18.5 9.9 7.5 
20110510 19.1 10.4 6.6 
20110520 18.9 10.0 6.5 
20110530 20.9 9.5 5.3 
20110540 19.7 9.5 9.4 
20110550 19.6 9.8 6.7 
20110560 19.7 11.0 4.7 
20110570 19.1 10.6 9.1 
20110580 19.6 10.9 4.9 
20110590 20.0 9.6 3.7 
20110600 20.1 10.1 8.0 
20110610 19.2 10.2 11.6 
20110620 19.6 10.7 7.1 
20110630 19.9 10.8 5.1 
20110640 19.7 10.9 8.6 
20110650 20.1 10.0 8.8 
20110660 19.9 10.4 3.0 
20110670 20.4 9.5 9.4 
20110680 20.7 9.6 8.2 
20110690 19.9 10.1 7.7 
20110700 19.4 10.6 6.6 
20110710 21.3 10.8 6.6 
20110720 20.7 9.7 10.2 
20110730 20.1 10.8 6.0 
20110740 20.3 10.0 6.0 
20110750 20.7 9.7 4.9 
20110760 21.1 9.0 3.8 
20110770 20.6 11.4 2.3 
20110780 21.3 10.5 7.5 
20110790 20.6 10.8 7.2 
20110800 20.5 9.9 7.5 
20110810 21.7 11.1 6.1 
20110820 21.7 13.6 1.5 
20110830 19.6 11.4 4.5 
20110840 21.6 10.5 5.3 
20110850 20.4 11.1 2.4 
20110860 21.5 10.6 4.0 
20110870 21.2 11.0 6.9 
20110880 21.0 10.6 5.3 
20110890 21.2 10.9 10.4 
20110900 21.1 10.4 8.9 
20110910 20.7 10.3 9.9 
20110920 20.8 10.4 7.6 
20110930 21.6 10.3 8.5 
20110940 22.9 11.8 1.7 
20110950 21.7 10.6 3.9 
20110960 21.8 11.2 5.8 
20110970 20.9 11.5 5.3 
20110980 22.2 12.7 2.5 
20110990 22.3 11.4 11.2 
20111000 21.5 8.2 8.0 
20111010 22.1 11.8 6.0 
20111020 24.0 11.9 6.6 
20111030 20.7 11.6 1.9 
20111040 20.8 10.6 6.2 
20111050 21.8 11.5 6.6 
20111060 22.5 11.5 5.7 
20111070 21.8 11.4 5.9 
20111080 22.0 10.9 10.2 
20111090 22.4 11.0 5.1 
20111100 20.6 11.6 9.7 
20111110 23.6 12.0 5.3 
20111120 23.7 12.4 14.8 
20111130 22.8 6.0 32.1 
20111140 22.8 10.9 3.4 
20111150 27.3 9.1 11.8 
20111160 22.9 11.2 7.4 
20111170 22.2 11.4 4.6 
20111180 23.1 12.6 8.7 
20111190 21.6 11.8 2.5 
20111200 24.5 11.4 6.8 
20111210 22.2 12.3 7.9 
20111220 24.2 12.3 8.8 
20111230 24.0 12.4 4.1 
20111240 23.2 11.8 3.5 
20111250 23.4 12.3 6.7 
20111260 24.0 11.8 4.2 
20111270 22.8 12.1 6.0 
20111280 24.7 11.7 2.1 
20111290 24.5 13.3 1.9 
20111300 23.8 10.6 6.4 
20111310 28.0 13.6 5.0 
20111320 23.8 12.3 3.4 
20111330 24.5 12.4 4.7 
20111340 24.8 12.4 1.5 
20111350 23.5 12.2 2.2 
20111360 24.3 12.7 2.1 
20111370 24.6 12.3 4.3 
20111380 25.1 12.8 4.5 
20111390 24.5 12.3 9.2 
20111400 24.3 13.1 5.2 
20111410 24.9 12.8 3.8 
20111420 24.1 13.0 11.3 
20111430 24.4 12.6 4.8 
20111440 25.4 13.5 8.6 
20111450 25.9 13.0 5.0 
20111460 25.0 14.1 5.5 
20111470 25.1 12.9 3.0 
20111480 25.5 13.8 4.8 
20111490 25.8 13.2 4.9 
20111500 25.9 13.1 2.5 
20111510 24.4 13.2 4.3 
20111520 24.6 13.3 2.2 
20111530 25.1 14.3 4.7 
20111540 25.5 15.1 -5.5 
20111550 25.6 17.0 2.3 
20111560 27.5 14.9 -0.1 
20111570 25.2 16.6 -2.9 
20111580 24.6 16.1 -1.4 
20111590 25.0 16.7 -10.2 
20111600 22.5 18.1 -7.9 
20111610 24.0 17.5 -11.0 
20111620 25.1 17.8 -4.8 
20111630 24.2 16.6 -2.5 
20111640 25.9 17.1 -13.5 
20111650 24.1 17.4 0.2 
20111660 26.3 16.0 -3.7 
20111670 25.9 20.3 -9.8 
20111680 26.3 18.7 -3.4 
20111690 25.0 17.3 -9.2 
20111700 26.6 15.2 5.0 
20111710 26.4 15.9 -2.2 
20111720 25.6 16.8 -5.7 
20111730 26.2 16.6 -0.7 
20111740 27.4 15.7 -5.5 
20111750 26.7 16.1 -3.0 
20111760 25.8 17.0 -3.2 
20111770 26.4 16.8 -2.8 
20111790 27.0 14.2 -2.5 
20111800 26.9 15.8 0.6 
20111810 25.7 16.8 -0.1 
20111820 26.7 16.5 -3.3 
20111830 25.3 16.7 -0.3 
20111840 26.7 17.8 -6.7 
20111850 25.8 15.3 1.0 
20111860 27.4 17.1 1.1 
20111870 27.8 16.7 -6.1 
20111880 28.6 16.8 -0.2 
20111890 26.0 17.7 0.1 
20111900 26.6 17.6 -6.7 
20111910 27.0 16.0 -6.0 
20111920 25.8 17.9 -4.9 
20111930 27.4 20.0 -9.6 
20111940 28.0 17.5 5.5 
20111950 26.6 16.1 -0.3 
20111960 27.4 15.5 4.3 
20111970 28.4 15.2 1.5 
20111980 27.9 15.2 6.8 
20111990 27.4 16.1 2.4 
20112000 28.2 16.7 0.9 
20112010 27.9 15.6 3.2 
20112020 26.1 16.3 2.0 
20112030 27.8 16.4 2.3 
20112040 28.6 16.2 -0.4 
20112050 29.6 15.5 2.3 
20112060 29.7 15.6 3.7 
20112070 29.7 16.4 4.5 
20112080 28.3 15.5 6.4 
20112090 27.5 15.6 0.4 
20112100 28.4 15.9 2.3 
20112110 27.2 15.7 1.6 
20112120 29.3 16.0 0.6 
20112130 29.9 16.6 2.6 
20112140 28.4 16.8 3.2 
20112150 30.7 17.4 -0.7 
20112160 29.3 16.7 5.9 
20112170 29.4 17.0 3.1 
20112180 30.0 16.2 -4.7 
20112190 28.2 16.3 1.9 
20112200 28.7 15.5 -0.1 
20112210 30.0 15.6 4.3 
20112220 29.5 16.4 3.6 
20112230 30.4 17.4 -3.6 
20112240 29.7 15.9 0.8 
20112250 29.4 16.2 2.7 
20112260 30.0 17.2 3.6 
20112270 30.5 16.2 3.8 
20112280 30.1 16.5 1.9 
20112290 30.1 18.1 0.7 
20112300 30.4 16.7 3.5 
20112310 28.7 17.6 -1.7 
20112320 30.0 14.8 -2.5 
20112330 31.2 17.8 -1.8 
20112340 30.9 17.6 0.9 
20112350 31.8 17.2 -3.0 
20112360 30.5 18.3 0.8 
20112370 31.1 17.2 0.6 
20112380 32.8 17.4 -5.8 
20112390 29.1 17.7 0.3 
20112400 30.2 18.4 -10.2 
20112410 30.9 17.3 2.4 
20112420 30.5 17.1 -3.7 
20112430 30.9 17.5 1.5 
20112440 32.5 17.4 -6.9 
20112450 31.6 17.7 -2.0 
20112460 31.5 17.9 -1.7 
20112470 32.1 17.0 3.4 
20112480 29.8 18.1 3.0 
20112490 30.7 17.4 1.0 
20112500 31.5 19.2 0.9 
20112510 30.6 18.0 2.5 
20112520 31.7 16.7 5.2 
20112530 31.2 17.0 0.0 
20112540 32.7 17.0 7.2 
20112550 31.3 18.1 0.4 
20112560 32.3 17.8 2.0 
20112570 31.4 19.6 -0.6 
20112580 31.4 18.5 -0.2 
20112590 33.2 17.5 -1.7 
20112600 32.2 18.4 1.5 
20112610 30.9 18.0 -0.3 
20112620 32.0 18.3 0.4 
20112630 32.8 18.9 -4.0 
20112640 33.2 18.7 -3.1 
20112650 32.7 18.5 -1.2 
20112660 31.6 19.0 0.6 
20112670 32.5 18.4 0.5 
20112680 33.5 18.5 0.2 
20112690 33.0 18.1 1.2 
20112700 33.2 19.0 -1.0 
20112710 32.8 18.6 -2.3 
20112720 31.9 17.9 -1.8 
20112730 32.7 19.1 -3.9 
20112740 32.8 18.6 -0.3 
20112750 32.9 19.2 -1.9 
20112760 32.6 19.2 -3.5 
20112770 34.1 19.5 0.1 
20112780 32.4 17.9 -9.0 
20112790 33.4 17.2 -0.8 
20112800 32.6 17.9 1.4 
20112810 32.8 18.2 -1.9 
20112820 32.5 17.5 2.5 
20112830 33.5 18.8 -1.6 
20112840 33.0 20.1 3.4 
20112850 32.8 19.3 -0.4 
20112860 33.9 18.2 -2.6 
20112900 33.6 19.4 4.3 
20112910 34.1 18.0 4.5 
20112920 33.4 18.7 1.1 
20112930 33.9 18.9 0.4 
20112940 34.1 18.2 3.1 
20112950 34.5 19.0 1.2 
20112960 34.9 19.3 2.5 
20112970 35.8 16.9 4.8 
20112980 35.7 17.3 7.5 
20112990 34.7 19.1 3.3 
20113000 33.8 19.4 4.0 
20113010 35.1 19.0 7.4 
20113020 35.0 18.2 4.2 
20113030 34.5 18.9 7.0 
20113040 34.3 19.3 1.1 
20113050 34.0 19.2 3.5 
20113060 34.7 19.2 4.3 
20113070 35.0 18.7 2.2 
20113080 34.6 19.5 5.8 
20113090 34.6 18.9 9.0 
20113100 35.6 18.7 6.1 
20113110 34.9 19.6 3.3 
20113120 34.9 18.8 6.6 
20113130 34.8 19.3 4.7 
20113140 35.2 19.8 3.9 
20113150 36.0 19.6 4.5 
20113160 35.6 20.0 3.5 
20113170 35.0 19.4 5.2 
20113180 35.3 19.5 5.8 
20113190 35.3 19.3 3.6 
20113200 35.4 19.2 6.2 
20113210 35.0 18.9 4.9 
20113220 35.7 20.4 -1.0 
20113230 35.6 19.2 6.7 
20113240 35.2 19.4 4.9 
20113250 35.6 19.7 8.5 
20113260 35.9 19.0 7.0 
20113270 35.4 20.1 4.6 
20113280 36.1 18.9 3.5 
20113290 35.4 19.5 7.5 
20113300 36.2 19.5 6.6 
20113310 36.4 20.2 7.6 
20113320 35.9 20.9 6.4 
20113330 36.6 20.4 6.7 
20113340 37.0 20.3 7.0 
20113350 35.8 20.4 8.3 
20113360 36.2 20.4 1.4 
20113370 36.7 20.1 2.9 
20113380 35.7 19.8 3.9 
20113390 35.3 20.3 7.4 
20113400 36.3 20.2 10.7 
20113410 35.9 21.1 2.8 
20113420 36.4 21.1 4.7 
20113430 36.7 20.1 7.0 
20113440 36.6 19.1 4.6 
20113450 37.3 18.6 4.6 
20113460 36.3 19.4 4.0 
20113470 36.1 20.0 7.8 
20113480 37.2 19.8 8.2 
20113490 37.1 21.5 -0.2 
20113500 34.7 20.9 -2.4 
20113510 35.1 21.4 -1.3 
20113520 36.8 20.1 0.3 
20113530 37.5 20.8 4.9 
20113540 37.0 20.6 5.3 
20113550 34.6 20.6 -1.8 
20113560 37.4 21.8 -0.4 
20113570 37.7 21.6 0.5 
20113580 37.2 21.8 1.4 
20113590 38.3 21.0 -1.7 
20113600 37.4 22.1 -3.2 
20113610 37.9 21.9 -0.3 
20113620 37.7 21.6 -0.0 
20113630 38.4 21.1 3.7 
20113640 38.9 21.7 -1.8 
20113650 38.0 22.1 -0.8 
20120010 37.9 21.5 -2.4 
20120020 37.8 22.6 -2.0 
20120030 37.9 22.6 -0.3 
20120040 38.4 22.4 -0.6 
20120050 37.9 23.2 -4.1 
20120060 37.8 24.0 -0.1 
20120070 38.0 21.9 -6.8 
20120080 37.2 22.2 -1.7 
20120090 38.3 22.8 -4.0 
20120100 38.8 22.0 -4.2 
20120110 38.7 22.0 -3.2 
20120120 37.9 23.1 -2.1 
20120130 36.9 23.1 -5.9 
20120140 39.8 22.0 3.9 
20120150 39.0 23.3 3.2 
20120160 39.8 22.6 -3.8 
20120170 39.6 21.8 -4.3 
20120180 40.7 22.1 -0.0 
20120190 35.3 21.3 -3.4 
20120200 37.2 23.1 -7.9 
20120210 37.7 22.9 -5.6 
20120220 36.4 21.6 -3.0 
20120230 38.3 21.8 -6.3 
20120240 39.0 23.0 -1.8 
20120250 40.6 23.5 0.7 
20120260 40.0 23.5 -1.0 
20120270 40.0 23.5 -0.3 
20120280 40.8 22.5 3.7 
20120290 39.9 22.6 4.7 
20120300 41.0 23.5 1.7 
20120310 41.5 23.8 -0.2 
20120320 40.8 23.2 0.6 
20120330 40.5 23.5 0.9 
20120340 41.2 23.9 1.5 
20120350 41.1 23.0 0.5 
20120360 41.0 22.8 2.3 
20120370 41.3 24.3 2.1 
20120390 42.1 23.4 3.7 
20120400 42.3 23.8 2.2 
20120410 42.6 24.5 -0.2 
20120420 41.9 24.0 -0.6 
20120430 42.0 24.0 0.6 
20120440 42.5 23.9 3.3 
20120450 42.4 23.4 -4.5 
20120460 43.3 24.1 -2.2 
20120470 41.7 23.8 2.0 
20120480 40.1 23.5 -1.8 
20120490 41.9 24.3 -1.6 
20120500 41.0 24.1 -2.7 
20120510 41.9 23.8 1.6 
20120520 42.0 22.3 1.3 
20120530 42.1 23.0 0.6 
20120540 42.1 22.9 -1.2 
20120550 40.6 23.6 0.6 
20120560 41.1 25.2 -4.3 
20120570 40.1 24.2 -6.7 
20120580 42.3 23.4 -2.3 
20120590 40.5 24.5 -7.2 
20120600 42.0 20.2 5.9 
20120610 42.1 23.8 -1.6 
20120620 41.8 24.5 0.3 
20120630 42.4 24.3 -2.0 
20120640 42.2 24.8 -1.4 
20120650 42.8 24.1 0.5 
20120660 42.5 24.8 -3.0 
20120670 43.9 24.8 -0.6 
20120680 41.7 24.3 -2.9 
20120690 42.5 23.7 -0.3 
20120700 42.0 24.7 -1.8 
20120710 39.9 24.0 4.2 
20120720 43.2 20.8 -2.2 
20120730 42.8 24.5 0.2 
20120740 43.4 24.0 0.9 
20120750 43.1 25.1 -3.3 
20120760 43.5 25.2 -1.8 
20120770 43.0 25.3 -6.3 
20120780 42.5 24.6 -0.8 
20120790 41.7 25.2 -2.0 
20120800 43.2 25.2 -1.5 
20120810 43.5 25.6 -1.9 
20120820 43.6 24.9 -4.3 
20120830 44.1 25.4 -1.3 
20120840 44.0 25.7 -3.8 
20120850 43.2 25.7 -4.8 
20120860 43.4 25.2 -2.3 
20120870 44.4 24.4 -2.2 
20120880 44.0 24.5 0.3 
20120890 42.9 26.1 1.2 
20120900 43.9 27.2 0.9 
20120910 44.7 26.4 -0.5 
20120920 43.9 25.6 -1.1 
20120930 44.6 25.9 0.2 
20120940 44.3 25.5 0.8 
20120950 43.1 26.3 -3.0 
20120960 43.7 26.5 -1.7 
20120970 44.0 25.5 0.9 
20120980 44.0 26.3 -2.8 
20120990 44.3 25.9 -2.0 
20121000 44.0 26.1 0.2 
20121010 45.4 26.4 1.9 
20121020 44.0 26.7 0.2 
20121030 43.3 26.1 0.2 
20121040 45.3 26.0 -4.0 
20121050 45.0 26.3 -3.3 
20121060 43.7 26.9 -2.0 
20121070 44.4 27.0 -2.1 
20121080 45.3 26.8 -2.9 
20121090 45.2 26.0 1.7 
20121100 45.1 26.1 -0.9 
20121110 44.5 26.9 -3.8 
20121120 44.8 26.8 -2.3 
20121130 44.8 26.1 -1.0 
20121140 45.1 26.7 -3.2 
20121150 43.8 26.3 -0.9 
20121160 44.9 27.0 -1.6 
20121170 46.2 26.7 -3.5 
20121190 46.1 27.3 -7.2 
20121200 44.9 26.4 -2.9 
20121210 44.5 27.8 -3.4 
20121230 46.6 28.5 -2.4 
20121240 45.0 27.1 -3.3 
20121250 44.8 27.2 -4.3 
20121260 42.0 27.4 -0.1 
20121270 42.5 27.4 -1.1 
20121280 45.2 28.0 -2.8 
20121290 46.6 27.5 -5.5 
20121300 46.9 27.6 -4.7 
20121310 45.9 27.7 -6.8 
20121320 46.4 27.7 -0.2 
20121330 42.1 28.0 -4.3 
20121340 43.3 28.0 -5.8 
20121350 46.7 28.1 -6.4 
20121360 46.1 29.0 -5.1 
20121370 43.4 27.7 -4.0 
20121380 45.5 28.3 -6.0 
20121390 46.6 28.5 -9.2 
20121400 47.6 28.5 -3.2 
20121410 49.1 28.3 -1.9 
20121420 46.4 26.9 -3.3 
20121430 46.6 28.0 -0.4 
20121440 46.9 29.3 0.5 
20121450 45.2 28.9 -0.9 
20121460 45.2 29.5 -4.3 
20121470 46.2 28.3 -3.1 
20121480 46.7 28.8 -3.1 
20121490 46.1 29.2 -1.1 
20121500 47.4 28.0 -3.2 
20121510 45.4 28.8 -3.5 
20121520 47.0 27.3 -1.6 
20121540 44.6 29.7 -5.6 
20121550 47.2 27.4 -2.7 
20121560 48.3 28.0 -2.8 
20121570 46.1 27.8 -0.5 
20121580 45.7 29.0 -3.6 
20121590 48.9 29.2 -6.4 
20121600 46.2 28.2 -7.7 
20121610 45.9 28.9 -8.7 
20121620 45.0 29.3 -7.1 
20121630 44.5 30.4 -7.7 
20121640 47.7 29.1 -5.4 
20121650 47.1 29.5 -0.3 
20121660 46.3 29.4 -8.1 
20121670 47.1 29.3 -7.0 
20121680 50.5 27.8 -3.1 
20121690 47.5 28.8 0.8 
20121700 48.4 28.7 -6.3 
20121710 46.8 29.0 -2.0 
20121720 50.4 27.6 -1.3 
20121730 48.0 29.1 -6.4 
20121740 47.7 28.9 -9.6 
20121750 48.0 29.0 -8.1 
20121760 49.0 28.4 -3.6 
20121770 46.9 27.8 -5.8 
20121780 46.2 30.2 -10.1 
20121790 47.4 29.0 -9.7 
20121800 48.9 28.1 -5.4 
20121810 48.3 28.0 -5.8 
20121820 48.9 28.8 -8.9 
20121830 49.2 29.4 -6.6 
20121840 49.2 29.2 -5.7 
20121850 44.7 30.2 -3.9 
20121860 49.4 30.6 -5.6 
20121880 47.2 28.5 -2.3 
20121910 51.0 28.0 -3.6 
20121920 49.1 28.8 -4.4 
20121930 49.2 28.8 -12.3 
20121940 46.5 29.7 -9.5 
20121950 47.6 30.2 -8.9 
20121960 50.3 28.4 -5.6 
20121970 48.2 30.2 -10.6 
20121980 48.7 28.9 -6.5 
20121990 47.9 29.6 -4.0 
20122000 51.9 27.2 -5.8 
20122010 51.4 28.3 -5.9 
20122020 48.5 30.2 -1.4 
20122030 48.7 30.0 -5.2 
20122040 49.8 30.2 -8.8 
20122050 50.9 30.5 -8.9 
20122060 51.4 31.6 -7.2 
20122070 49.3 29.9 -5.6 
20122080 49.0 33.3 -6.4 
20122090 50.9 30.4 -8.5 
20122100 51.7 29.5 -4.9 
20122110 48.3 29.4 -0.5 
20122120 50.4 30.2 -8.7 
20122130 49.0 30.1 -2.7 
20122140 50.0 29.6 -3.9 
20122150 51.0 30.1 -0.5 
20122160 48.7 30.7 -4.2 
20122170 50.5 31.0 -2.1 
20122180 50.0 31.1 -2.2 
20122190 49.3 32.6 -4.4 
20122200 48.0 30.3 -1.1 
20122220 49.5 31.2 -1.2 
20122230 49.6 32.2 -5.8 
20122240 50.0 31.8 -2.3 
20122250 50.5 31.6 -4.1 
20122260 51.3 31.5 -6.0 
20122270 49.0 31.4 -10.0 
20122280 50.3 31.4 -7.9 
20122290 49.2 31.6 0.3 
20122300 50.8 31.4 -5.1 
20122310 50.8 31.3 -8.9 
20122320 51.8 32.4 -2.6 
20122330 50.8 31.7 -4.7 
20122340 48.9 30.4 6.4 
20122350 48.9 33.1 -6.2 
20122360 50.3 33.5 -10.8 
20122370 50.6 30.6 -3.3 
20122380 51.9 31.5 -2.8 
20122390 50.4 32.2 -4.5 
20122400 51.2 31.9 -7.3 
20122410 51.7 32.1 -4.2 
20122420 52.8 32.5 -2.0 
20122430 52.4 31.5 -3.8 
20122440 48.5 32.6 -6.9 
20122450 51.3 32.7 -5.2 
20122460 50.8 32.5 -10.1 
20122470 52.5 30.4 -4.7 
20122480 53.8 32.5 -8.5 
20122490 51.8 32.6 -6.5 
20122500 50.8 32.7 -7.4 
20122510 51.4 32.4 -8.2 
20122520 53.1 32.6 -3.9 
20122530 54.9 33.8 -6.6 
20122540 53.8 32.0 -2.2 
20122550 53.3 32.5 -7.6 
20122560 47.8 31.1 -2.2 
20122570 50.2 32.1 -3.9 
20122580 51.4 32.7 -6.3 
20122590 51.4 32.0 -4.1 
20122600 54.7 33.2 -6.3 
20122610 53.8 33.5 -8.6 
20122620 53.6 33.5 -7.7 
20122630 50.4 32.8 -6.4 
20122640 51.8 32.6 -7.0 
20122650 51.2 34.6 -12.4 
20122660 51.4 33.2 -7.0 
20122670 54.5 34.1 -14.6 
20122680 54.8 33.4 -12.0 
20122690 54.6 33.9 -9.6 
20122700 53.5 33.9 -4.8 
20122720 53.1 33.5 -6.3 
20122730 52.3 33.2 -7.8 
20122740 54.9 33.0 -9.1 
20122750 53.1 33.0 -12.9 
20122760 54.9 32.6 -12.5 
20122770 56.4 33.4 -8.8 
20122780 54.0 33.0 -9.5 
20122790 51.7 33.0 -6.8 
20122800 56.4 32.0 0.5 
20122810 51.2 34.5 -5.8 
20122820 53.3 33.2 -7.4 
20122830 56.9 34.0 -6.7 
20122840 52.3 33.4 -8.2 
20122850 51.9 35.5 -9.4 
20122860 53.9 32.5 -11.1 
20122870 53.2 35.1 -0.7 
20122880 56.2 33.6 -1.6 
20122890 53.4 33.4 -6.1 
20122900 53.2 33.1 -5.4 
20122910 55.2 34.2 -7.8 
20122920 55.8 34.8 -3.2 
20122930 56.3 35.2 -11.0 
20122940 52.5 34.0 -2.5 
20122950 54.4 33.6 -3.8 
20122960 55.4 33.2 -2.3 
20122970 52.6 32.8 -1.2 
20122980 54.0 32.4 -1.2 
20122990 52.9 31.7 -3.4 
20123000 52.0 33.5 -14.1 
20123010 53.8 35.8 -11.3 
20123020 56.2 34.3 -2.7 
20123030 54.7 32.9 2.1 
20123040 54.5 31.8 -6.7 
20123050 54.3 32.9 -6.0 
20123060 54.5 32.8 -0.7 
20123070 54.2 32.4 -4.7 
20123080 56.3 33.0 -9.4 
20123090 55.1 32.3 -5.9 
20123100 53.0 31.9 -4.0 
20123110 53.2 31.9 2.3 
20123120 54.4 33.5 -1.3 
20123130 54.4 32.0 -0.3 
20123140 54.5 32.1 -2.3 
20123150 57.8 32.4 -6.7 
20123160 57.5 32.4 4.9 
20123170 52.8 33.1 -2.6 
20123190 55.6 32.1 -1.7 
20123200 58.7 31.7 -4.1 
20123210 52.8 32.7 5.2 
20123220 54.1 35.9 -5.1 
20123230 56.8 32.4 -1.8 
20123240 56.5 34.7 -8.9 
20123250 51.7 33.5 -11.3 
20123270 56.3 34.4 -8.5 
20123280 56.9 34.6 -11.3 
20123290 56.9 32.1 -6.0 
20123300 56.5 34.4 1.0 
20123310 58.2 32.9 -10.4 
20123320 56.9 34.8 -6.0 
20123340 55.1 34.3 -6.2 
20123350 53.1 36.2 -20.8 
20123360 57.9 35.4 -7.5 
20123370 57.5 34.8 -5.4 
20123380 55.7 35.0 -13.2 
20123390 57.9 32.9 -11.9 
20123400 57.0 34.9 -23.9 
20123410 56.2 32.6 -18.5 
20123420 59.9 33.3 -7.5 
20123430 56.0 31.7 -7.2 
20123440 56.4 31.6 -7.0 
20123450 57.5 32.7 -7.6 
20123460 57.7 32.2 -7.8 
20123470 55.4 36.2 -14.9 
20123480 57.3 31.3 -17.0 
20123490 58.4 30.6 -13.6 
20123500 58.5 33.4 -6.5 
20123510 59.6 35.1 2.1 
20123520 55.8 34.0 -18.2 
20123530 55.9 34.8 -4.6 
20123540 60.0 32.9 -10.7 
20123550 60.0 38.5 -13.1 
20123560 57.6 32.6 -10.7 
20123570 58.0 34.5 4.4 
20123660 61.7 37.8 -8.0 
20130010 55.1 31.4 3.2 
20130020 56.8 31.9 -3.2 
20130030 62.6 33.3 -11.6 
20130040 61.8 34.4 -16.6 
20130050 59.1 36.7 1.0 
20130060 59.4 36.8 -1.9 
20130070 59.1 40.4 -14.1 
20130080 59.2 36.1 -18.8 
20130090 59.5 37.3 -7.3 
20130100 59.6 34.1 -5.2 
20130160 61.8 37.0 -3.1 
20130170 62.3 33.2 -0.2 
20130180 62.4 34.4 -10.4 
20130190 61.0 36.7 -14.0 
20130200 61.4 36.8 -6.6 
20130210 59.5 34.2 -17.7 
20130220 60.7 34.2 -10.7 
20130230 61.3 34.2 -6.4 
20130240 62.6 32.8 -9.5 
20130250 60.5 31.3 -10.4 
20130260 56.6 33.2 -6.3 
20130270 59.1 33.9 -9.3 
20130280 64.5 36.1 -12.0 
20130290 60.0 35.4 0.4 
20130300 63.6 36.7 -1.8 
20130310 61.5 37.9 -2.3 
20130320 60.7 33.1 -4.0 
20130330 59.4 38.4 -3.3 
20130340 59.3 35.9 1.8 
20130350 62.1 36.6 -4.8 
20130360 61.5 37.1 -1.8 
20130370 60.1 37.0 2.7 
20130380 61.5 36.9 -0.9 
20130390 61.0 37.8 4.5 
20130400 60.3 37.2 -1.3 
20130410 60.6 37.2 5.3 
20130420 60.9 35.7 6.9 
20130430 59.0 38.8 0.3 
20130440 57.0 38.0 -2.9 
20130450 62.1 38.8 5.7 
20130460 60.4 37.6 -1.5 
20130490 62.4 35.8 1.0 
20130500 56.2 39.6 -10.9 
20130660 61.1 37.4 -2.2 
20130670 62.8 38.8 -3.2 
20130680 61.3 38.2 4.2 
20130690 62.1 35.7 4.8 
20130730 63.3 37.7 -1.7 
20130740 63.1 38.2 -1.9 
20130750 63.6 38.6 -2.3 
20130760 65.6 37.9 -2.8 
20130770 62.8 37.4 -0.2 
20130780 60.1 36.8 6.5 
20130790 63.1 36.8 -2.4 
20130800 59.1 38.2 -2.9 
20130810 63.1 38.6 -3.3 
20130820 65.1 39.0 -4.2 
20130830 62.9 38.5 -7.1 
20130840 63.0 38.7 -1.5 
20130850 64.2 38.2 3.8 
20130860 63.5 37.1 4.0 
20130870 62.3 37.5 -2.9 
20130880 63.3 38.2 0.6 
20130890 66.4 39.3 -0.6 
20130900 62.9 39.6 -2.0 
20130910 61.0 40.1 -4.9 
20130920 64.5 39.0 -0.3 
20130930 63.7 39.2 2.9 
20130950 61.2 38.7 -5.3 
20130960 65.6 39.2 -3.5 
20130970 65.1 39.6 -1.6 
20130980 64.3 40.3 -6.0 
20130990 63.3 40.8 -8.7 
20131000 64.4 39.2 -3.1 
20131010 64.2 39.3 -7.3 
20131020 61.4 37.4 -4.4 
20131030 65.9 38.2 -5.1 
20131050 63.4 39.2 -12.2 
20131060 62.5 40.0 -7.4 
20131070 64.2 41.6 -8.5 
20131080 65.3 38.5 -8.4 
20131090 62.8 39.9 -5.6 
20131100 63.1 40.0 -3.9 
20131110 64.8 38.2 -3.1 
20131120 66.1 39.7 -7.4 
20131130 64.7 39.4 -1.7 
20131140 64.5 40.3 -4.8 
20131150 64.3 39.9 -3.2 
20131160 64.9 40.0 -2.0 
20131170 64.4 40.6 -1.3 
20131180 62.5 39.9 -7.0 
20131190 65.0 38.9 -3.4 
20131210 65.4 39.1 -9.1 
20131220 65.3 41.5 -8.8 
20131230 61.8 39.6 -7.3 
20131240 65.5 40.1 -4.6 
20131250 68.0 40.5 -8.8 
20131260 64.8 38.4 -8.3 
20131270 67.6 38.6 -6.8 
20131290 65.8 41.2 -6.3 
20131640 70.3 42.2 -2.4 
20131650 67.2 42.5 -7.2 
20131660 67.9 43.4 -7.0 
20131670 67.8 41.9 -6.9 
20131680 69.9 43.0 -1.7 
20131690 69.3 42.0 -7.5 
20131700 68.7 40.7 -6.8 
20131720 66.0 42.4 -3.4 
20131730 67.3 42.1 -6.9 
20131740 68.5 43.3 -7.7 
20131750 63.7 42.1 -1.7 
20131760 64.9 42.4 -7.0 
20131770 66.9 41.6 -3.0 
20131780 71.6 41.4 -8.5 
20131790 70.3 42.8 -12.6 
20131800 69.0 41.9 -5.9 
20131810 69.2 42.4 -3.5 
20131820 69.6 42.0 -2.3 
20131830 69.1 42.5 -3.9 
20131840 69.5 43.1 -5.0 
20131850 68.7 42.5 -2.6 
20131860 68.2 43.3 -6.6 
20131870 70.1 42.3 -4.8 
20131880 70.7 41.9 -4.4 
20131890 69.5 43.9 -6.6 
20131900 69.2 43.1 -10.1 
20131910 68.7 44.1 0.7 
20131920 65.7 46.3 -6.4 
20131930 67.4 42.8 -11.2 
20131940 69.9 42.3 -3.1 
20131950 70.4 42.3 -5.8 
20131960 69.2 44.2 -6.2 
20131970 71.1 43.6 -6.6 
20131980 70.9 43.5 -4.2 
20131990 69.0 43.2 -1.3 
20132000 69.6 43.6 -1.1 
20132010 68.2 43.2 -5.8 
20132020 69.6 42.8 -6.0 
20132030 70.4 44.2 -12.5 
20132040 70.2 44.4 -4.7 
20132060 69.8 42.6 -5.1 
20132070 69.9 43.6 -11.0 
20132080 70.2 43.3 -6.7 
20132090 69.9 44.0 -6.7 
20132100 68.6 42.7 -4.3 
20132110 68.4 44.5 0.7 
20132120 68.9 42.8 -0.8 
20132130 73.4 44.2 -8.1 
20132140 67.8 42.7 -2.7 
20132150 70.9 43.8 -2.0 
20132160 69.1 43.7 -3.7 
20132170 70.0 44.7 -5.7 
20132180 69.8 45.4 -8.8 
20132190 72.5 43.8 -0.9 
20132200 70.7 44.3 -3.4 
20132210 67.4 44.7 -8.4 
20132220 71.2 43.3 -2.5 
20132230 69.7 45.3 -8.6 
20132240 71.9 44.3 -1.5 
20132260 69.4 43.2 -6.3 
20132270 72.4 43.8 -4.6 
20132280 72.1 44.4 -5.7 
20132290 71.4 44.7 0.7 
20132300 72.2 43.6 -5.4 
20132310 67.8 45.4 -4.1 
20132330 70.7 44.6 -11.2 
20132340 72.7 44.6 -5.6 
20132350 70.5 44.8 -4.1 
20132360 72.9 45.3 -10.3 
20132370 71.4 46.2 -7.7 
20132380 71.7 46.4 4.3 
20132390 70.6 46.7 -9.2 
20132400 70.5 44.9 -11.3 
20132420 73.2 44.9 -7.1 
20132430 71.9 45.8 -5.4 
20132440 70.6 45.3 -5.2 
20132450 69.0 45.9 -6.3 
20132460 73.9 45.6 -8.1 
20132470 74.1 44.5 -5.3 
20132480 72.7 44.1 -6.5 
20132490 72.0 45.9 -5.8 
20132500 72.3 45.1 -5.6 
20132510 72.4 45.5 -4.1 
20132520 71.6 46.4 -4.1 
20132530 71.2 44.4 -4.8 
20132540 68.1 44.7 -6.3 
20132550 72.5 46.6 -18.0 
20132560 71.7 45.1 -5.6 
20132570 72.2 45.4 -7.8 
20132580 72.3 45.2 -7.1 
20132590 71.2 45.8 -3.1 
20132600 73.1 44.6 -7.1 
20132610 73.6 45.9 -7.0 
20132620 74.2 45.7 -7.4 
20132630 74.2 45.2 -7.7 
20132640 72.2 45.5 -9.8 
20132650 73.9 45.1 -8.5 
20132660 72.1 48.3 -11.8 
20132670 72.5 45.3 -5.5 
20132680 74.8 45.7 -3.1 
20132690 74.3 49.0 -10.2 
20132700 75.6 45.5 -11.3 
20132710 72.4 45.1 -5.0 
20132720 73.0 45.8 -14.0 
20132730 74.1 45.2 -7.2 
20132740 73.9 45.1 -9.1 
20132750 74.4 45.0 -4.4 
20132760 75.9 45.1 -4.1 
20132770 76.1 46.8 -4.6 
20132780 74.3 47.7 -6.2 
20132790 75.0 47.7 -4.3 
20132800 73.9 43.1 8.3 
20132810 76.3 45.9 -5.0 
20132820 75.0 46.7 -11.7 
20132830 76.3 44.9 -2.9 
20132840 74.9 45.5 -8.7 
20132850 73.9 45.8 -4.6 
20132860 74.2 46.8 -7.3 
20132870 75.6 45.8 -2.1 
20132880 73.2 45.3 -3.0 
20132890 73.7 46.7 -5.8 
20132900 73.2 45.9 -6.0 
20132910 75.8 46.1 -3.2 
20132920 76.6 46.6 -5.7 
20132930 75.9 47.4 -6.5 
20132940 75.4 45.8 -1.8 
20132950 75.7 46.1 -6.7 
20132960 73.8 46.2 -4.0 
20132970 74.9 45.9 -2.6 
20132980 72.9 46.6 -3.2 
20132990 73.5 46.1 -3.8 
20133000 75.4 47.4 -3.1 
20133010 76.7 47.5 -1.2 
20133020 72.7 46.8 -3.5 
20133030 73.6 46.6 -7.1 
20133040 75.4 46.2 -0.6 
20133050 72.7 47.0 -4.7 
20133060 75.7 44.9 -3.7 
20133070 73.5 47.4 -4.7 
20133080 75.0 46.3 0.4 
20133090 75.6 47.5 -2.7 
20133100 72.4 46.7 -8.7 
20133110 73.9 46.6 3.6 
20133120 75.8 48.3 0.5 
20133130 75.1 47.8 -11.6 
20133140 76.9 46.9 -2.4 
20133150 74.5 47.4 -4.9 
20133160 79.0 46.5 -7.2 
20133170 75.8 46.6 -7.6 
20133180 73.9 44.6 -3.4 
20133190 74.9 47.7 -3.0 
20133200 76.7 45.8 -9.3 
20133210 76.0 46.8 -1.2 
20133220 73.8 48.3 -6.8 
20133240 76.8 47.3 -7.4 
20133250 74.7 45.9 -11.4 
20133260 76.4 46.2 -8.3 
20133270 76.0 47.6 -1.7 
20133280 76.2 49.1 -7.5 
20133290 75.6 48.9 -8.8 
20133300 76.6 48.6 -12.8 
20133310 76.5 48.7 -6.4 
20133320 78.8 47.8 -6.2 
20133330 74.0 46.0 -14.3 
20133340 78.3 49.2 -10.8 
20133350 77.3 47.1 -3.4 
20133360 76.5 48.0 -11.3 
20133370 76.2 46.9 -6.4 
20133380 77.3 47.4 -5.3 
20133390 76.8 47.4 -16.0 
20133400 79.6 48.0 -7.5 
20133410 79.4 48.5 -4.7 
20133420 77.4 48.4 -16.2 
20133430 78.3 49.2 -8.8 
20133440 79.1 50.3 -5.2 
20133450 78.5 48.6 -13.1 
20133460 78.6 48.9 -13.0 
20133470 78.2 48.0 -5.3 
20133480 76.8 47.9 0.1 
20133490 78.7 48.2 0.7 
20133500 79.0 48.8 -11.5 
20133510 78.2 49.5 -10.5 
20133520 79.5 48.8 -7.1 
20133530 78.7 47.9 -3.6 
20133540 78.7 48.9 -7.4 
20133550 79.8 48.7 -4.7 
20133560 78.3 48.2 -1.3 
20133650 79.2 47.6 -5.3 
20140010 81.2 50.5 -5.0 
20140020 79.8 50.3 -6.3 
20140030 79.4 48.6 -7.2 
20140040 78.3 48.4 -2.4 
20140050 78.1 49.1 -3.9 
20140060 79.9 51.7 -5.0 
20140070 80.3 51.3 -5.2 
20140080 77.2 48.9 -10.7 
20140090 80.0 52.7 -7.8 
20140100 80.7 51.2 -4.0 
20140110 81.3 50.3 -1.3 
20140120 79.3 49.4 -4.6 
20140130 80.7 48.5 -1.4 
20140140 80.8 49.4 -5.3 
20140150 82.2 49.9 -4.9 
20140160 82.4 49.0 -3.3 
20140170 80.3 52.5 -4.3 
20140180 81.2 50.2 -5.1 
20140190 80.8 49.0 -7.4 
20140200 78.6 50.0 5.0 
20140210 75.2 50.1 -7.2 
20140230 76.2 51.3 1.6 
20140250 77.7 51.2 -0.9 
20140260 78.1 49.9 3.8 
20140270 78.6 47.8 4.5 
20140280 79.3 47.8 -0.4 
20140290 79.0 48.7 2.3 
20140300 79.7 50.8 3.9 
20140310 81.7 51.1 6.0 
20140640 81.1 52.0 -11.4 
20140650 79.7 51.2 -8.3 
20140660 80.6 52.7 -9.7 
20140670 83.7 50.6 -5.4 
20140680 83.1 52.3 -0.3 
20140690 78.5 53.3 -13.8 
20140700 79.6 50.3 -2.4 
20140710 81.6 51.1 -10.1 
20140720 77.2 53.6 -9.9 
20140730 78.2 48.3 0.1 
20140740 80.4 52.9 -5.7 
20140750 82.2 54.2 -1.3 
20140760 80.3 53.7 -9.1 
20140770 77.5 53.4 -4.1 
20140780 79.5 50.7 0.6 
20140800 81.6 51.8 -8.0 
20140810 82.4 51.7 -1.2 
20140820 81.2 51.4 -3.0 
20140830 81.9 52.9 -5.4 
20140840 81.0 54.1 -7.0 
20140850 81.2 52.7 -4.5 
20140860 83.2 51.2 -7.4 
20140870 81.1 55.4 -10.6 
20140880 87.9 56.3 -9.2 
20140890 89.0 53.0 -5.1 
20140900 80.4 53.9 -6.9 
20140910 82.4 56.9 -12.3 
20140920 82.2 54.8 -7.6 
20140930 81.9 53.7 -8.3 
20140940 82.5 52.9 -7.9 
20140950 82.2 53.5 -0.1 
20140960 85.5 52.0 -8.1 
20140980 82.3 54.6 -9.0 
20140990 77.9 52.6 -3.3 
20141020 85.9 51.8 4.8 
20141030 80.0 54.3 -5.0 
20141040 79.1 52.7 -5.0 
20141060 82.3 52.4 -8.0 
20141070 83.0 53.1 -5.3 
20141090 89.8 55.4 -2.9 
20141100 82.6 55.0 1.9 
20141110 83.7 52.8 -1.9 
20141120 83.0 53.1 -6.1 
20141150 85.0 53.4 -5.5 
20141160 88.7 53.7 1.8 
20141170 84.6 54.5 -4.8 
20141180 85.3 55.6 -2.6 
20141190 85.6 53.2 -5.0 
20141210 83.9 54.7 -6.9 
20141220 84.7 53.6 -2.5 
20141230 84.4 55.3 -4.6 
20141240 84.3 55.1 -4.7 
20141250 86.8 53.5 -1.5 
20141260 87.7 53.4 1.0 
20141270 84.0 55.1 -4.1 
20141310 84.0 56.0 0.6 
20141320 87.8 54.6 0.8 
20141330 86.9 53.5 -4.7 
20141340 87.1 55.8 -6.9 
20141350 85.0 56.7 -10.0 
20141360 87.4 58.0 4.7 
20141370 87.4 55.4 -0.5 
20141380 86.9 54.1 -6.0 
20141390 91.7 57.3 -3.6 
20141400 89.9 56.4 -2.4 
20141410 86.7 54.2 -3.5 
20141420 88.7 55.8 -1.8 
20141430 91.2 55.8 -6.1 
20141440 85.5 55.7 -8.9 
20141450 86.9 54.4 -0.9 
20141470 86.7 56.3 -0.9 
20141480 87.6 55.7 -1.9 
20141490 81.7 55.6 -3.4 
20141500 87.6 54.9 -1.4 
20141510 90.1 55.7 -6.6 
20141520 90.4 56.1 -7.8 
20141530 85.9 54.7 -1.2 
20141540 86.9 56.1 -1.9 
20141550 89.7 56.5 -3.0 
20141560 87.5 56.5 -5.9 
20141570 88.6 55.4 -3.0 
20141580 89.2 55.6 3.1 
20141600 88.4 55.6 1.2 
20141610 88.2 55.3 -6.4 
20141620 88.4 57.7 -9.5 
20141640 86.3 56.1 -9.5 
20141650 87.7 55.8 -7.8 
20141660 88.3 56.3 -2.8 
20141670 88.4 57.1 -0.6 
20141680 89.9 58.3 -9.7 
20141700 88.4 57.1 -4.6 
20141710 85.8 56.3 -4.2 
20141720 87.0 56.9 -6.4 
20141740 91.1 57.1 -3.0 
20141750 88.8 55.9 -2.6 
20141760 88.1 57.4 -2.4 
20141770 88.0 57.9 -5.3 
20141780 91.8 56.2 -5.1 
20141790 88.5 56.8 -2.4 
20141800 87.8 56.9 -6.5 
20141820 81.6 56.2 -4.7 
20141840 88.5 55.7 -1.7 
20141850 95.3 56.5 -4.5 
20141860 91.8 56.9 -1.1 
20141870 89.4 57.0 -2.7 
20141880 86.5 59.8 -8.5 
20141900 86.7 56.4 0.8 
20141920 90.1 58.1 -7.6 
20141930 88.5 57.3 -3.2 
20141940 90.4 56.4 -5.9 
20141950 95.0 58.0 -1.6 
20141960 90.2 57.3 -7.7 
20141970 90.5 57.2 -4.1 
20141980 90.7 58.5 -2.8 
20141990 91.7 55.8 -3.4 
20142000 88.4 58.5 -1.9 
20142010 90.3 57.2 -4.3 
20142020 89.6 59.0 -9.6 
20142030 90.2 60.6 -5.7 
20142040 89.0 56.6 0.6 
20142050 86.1 56.4 -4.0 
20142060 92.1 57.6 3.4 
20142070 90.1 58.1 -0.8 
20142080 90.2 58.0 -6.2 
20142090 89.4 58.9 -5.7 
20142100 89.7 58.9 -4.5 
20142110 90.4 58.8 -6.6 
20142120 87.7 58.9 -4.4 
20142130 88.3 58.1 -9.2 
20142140 94.1 56.9 5.7 
20142150 90.3 60.2 -4.6 
20142160 88.2 58.3 -6.9 
20142170 93.2 58.8 -7.4 
20142180 90.6 58.9 -8.2 
20142210 92.0 57.2 0.8 
20142220 86.9 59.2 -8.1 
20142230 90.3 58.0 -0.3 
20142240 90.5 58.0 -0.4 
20142250 91.6 58.5 -5.8 
20142280 92.2 59.1 -8.6 
20142290 91.5 57.9 -3.7 
20142300 95.6 59.0 -2.9 
20142310 92.2 59.3 -5.2 
20142320 93.4 58.1 -2.1 
20142330 90.5 58.7 -6.3 
20142340 91.9 58.3 -7.0 
20142360 89.9 58.2 -7.2 
20142380 91.1 58.7 -4.0 
20142390 91.6 58.6 -3.7 
20142680 89.1 58.7 -8.5 
20142690 94.7 58.8 -6.2 
20142700 96.7 60.8 -3.8 
20142710 97.9 61.1 -0.8 
20142730 95.5 59.5 -1.1 
20142740 95.1 60.2 -6.1 
20142760 96.0 57.8 -1.4 
20142770 95.3 60.7 -2.4 
20142780 94.4 61.7 -8.7 
20142790 98.5 60.3 1.2 
20142800 93.4 60.2 2.9 
20142820 95.1 60.9 6.4 
20142830 94.4 60.1 -0.2 
20142840 97.4 60.3 -4.4 
20142850 95.0 61.3 -6.9 
20142860 97.7 60.4 4.7 
20142870 95.5 60.0 0.4 
20142880 92.6 61.4 -1.4 
20142890 93.4 58.1 3.9 
20142900 94.3 59.9 6.3 
20142920 96.5 61.8 -6.2 
20142930 95.6 59.4 0.6 
20142940 94.6 61.4 5.1 
20142950 92.6 61.3 12.9 
20142960 95.3 62.2 -1.7 
20142970 93.6 59.5 5.9 
20142980 99.2 58.3 9.8 
20142990 97.7 63.8 -11.0 
20143000 90.5 58.3 5.1 
20143020 96.4 61.0 0.4 
20143030 91.4 60.2 6.1 
20143040 97.2 61.8 -5.5 
20143050 97.7 61.5 1.2 
20143060 105.8 62.0 -7.1 
20143070 94.8 62.6 7.9 
20143080 93.8 61.0 6.5 
20143090 95.5 61.2 2.8 
20143100 95.6 61.5 0.2 
20143110 97.9 62.1 6.2 
20143120 93.9 61.1 -13.4 
20143130 97.9 65.2 -10.1 
20143140 97.6 61.1 1.7 
20143150 95.0 62.6 3.1 
20143170 95.4 62.3 6.8 
20143180 97.5 62.7 1.4 
20143190 104.8 62.4 4.1 
20143200 97.8 63.7 -2.1 
20143210 93.9 60.3 -0.6 
20143220 96.5 65.0 4.4 
20143230 96.4 61.7 0.3 
20143240 96.8 62.1 -1.2 
20143250 93.6 61.4 -7.8 
20143270 98.4 59.0 3.0 
20143280 98.9 61.1 -5.8 
20143290 97.6 62.1 -0.6 
20143300 96.6 62.1 -13.3 
20143310 99.0 60.8 -0.7 
20143320 101.1 62.3 3.2 
20143330 100.5 63.6 0.6 
20143340 98.0 62.4 1.2 
20143350 99.9 64.5 -7.2 
20143360 100.7 67.2 0.5 
20143370 97.9 66.2 -9.5 
20143380 96.3 60.6 -5.5 
20143390 93.1 62.4 -15.3 
20143400 97.9 62.4 3.5 
20143410 94.5 63.2 0.1 
20143420 99.6 62.6 -6.0 
20143430 100.4 62.2 -7.0 
20143440 100.3 65.1 -11.6 
20143460 98.8 62.5 -1.9 
20143470 102.5 60.8 4.3 
20143490 97.6 61.3 -3.4 
20143500 96.9 61.0 -5.4 
20143510 96.6 61.3 -7.6 
20143520 99.0 63.6 0.3 
20143540 98.7 62.1 1.4 
20143550 96.9 62.5 4.6 
20143560 100.4 61.5 1.5 
20143650 101.4 61.3 -7.4 
20150150 101.6 63.1 -4.3 
20150160 101.8 64.9 -9.7 
20150170 100.8 64.8 -5.8 
20150180 100.7 64.7 -4.1 
